3640
2791
2306
3639
2304
2788
2787
2302
2785
3631
3632
3633
3634
3637
2314
2313
2312
6
2310
3644
2319
3647
3648
2318
3661
3662
2331
2327
2325
2324
2323
3652
3653
3654
3657
3672
1010
2341
1008
1007
2338
2337
1006
2336
1005
2334
2332
3664
3665
3683
2353
1021
1018
2348
1016
1014
3677
3691
3693
3695
3207
3206
3204
2357
2356
2355
2354
601
3201
602
605
3688
606
608
609
3209
3220
3217
3216
3215
3214
3213
612
3212
613
614
616
617
3232
3230
2381
3227
620
3226
2378
622
623
624
2391
3238
631
632
2389
633
2388
634
3234
2387
635
639
640
641
3248
3264
3263
650
653
655
3257
656
657
658
659
3277
3272
660
663
3269
3267
668
669
3286
3284
3283
670
672
673
674
675
676
678
3290
3298
3294
3293
3292
681
682
683
684
201
686
202
688
205
689
206
207
208
209
690
692
693
210
694
211
696
212
697
224
230
232
235
237
252
255
256
261
263
264
265
266
267
270
271
272
281
283
285
286
287
289
290
291
293
295
298
2809
2806
2805
2802
2810
2834
2833
2839
2838
2842
2841
2840
2847
3704
2855
2852
2857
2867
2865
2863
2860
3712
2869
3726
2871
3720
2891
2888
2886
2402
2400
2884
2883
3733
3735
2896
2419
2418
2417
3751
3754
2429
3758
2428
2440
3763
3767
3780
3781
3782
3783
2451
2447
2445
2444
3779
3793
3794
2462
3307
3306
2456
3302
3301
700
3300
2453
3785
702
703
3786
704
3788
705
706
3789
3309
708
3321
3320
2473
2472
2469
2466
3312
3795
713
714
715
718
2001
2484
2482
2481
3328
3326
2478
3324
2476
722
724
725
727
728
729
3343
2496
2495
3341
2493
2490
3339
2489
3335
2487
732
2486
738
3351
3349
740
3347
2499
744
2497
746
749
2034
3364
3363
3361
3360
750
3359
2027
2026
3357
754
2025
2024
756
758
759
2045
3374
2041
762
3385
2054
3384
2051
3382
770
771
772
2049
775
2047
777
3397
3395
2063
2062
780
300
305
2078
2073
790
791
792
793
794
311
797
314
798
799
2068
316
317
2089
2088
2086
2085
2084
2091
2090
2093
333
334
341
342
343
344
345
348
351
352
354
355
356
357
358
359
15
16
18
19
360
362
363
364
365
366
368
369
22
23
25
370
371
372
373
375
377
378
379
38
380
381
382
383
385
386
387
388
389
45
46
47
49
2909
390
392
393
394
395
396
397
398
399
50
2905
51
52
2903
53
2902
56
57
59
60
2917
63
64
65
66
67
68
69
2922
2927
72
75
76
2923
77
78
81
82
83
84
85
86
87
89
2944
2943
2941
90
91
2949
94
95
97
2945
98
99
2955
2954
2953
3805
2952
2951
3809
2958
3800
2957
2956
3802
2966
2964
2963
3817
2962
2968
2967
2980
3825
2976
3827
2974
3828
3829
3820
3823
2991
2990
2988
2987
2501
3839
2984
2500
2989
2505
2515
2999
2998
2514
2512
2994
2510
2993
2992
2519
3846
3858
3859
2524
2523
3851
3852
3857
2527
3870
3871
2540
2537
2535
2534
2533
2532
2531
3861
3862
3864
2545
2543
2542
2541
3872
3873
3874
3876
2562
2561
2560
3406
3405
2557
2556
801
802
804
806
3407
808
3420
3417
2569
3416
3415
3414
2567
3413
2566
2565
3412
3411
2564
2563
810
812
813
3896
814
816
3899
3430
2583
2581
2580
3427
3426
2579
3425
2577
3422
2575
2574
822
823
824
825
826
828
3429
3442
2111
2110
3440
2108
2107
2105
831
833
834
835
836
837
2109
2122
3453
2120
3451
2119
2118
3449
3448
2117
2115
840
841
2113
844
2133
3463
3462
2131
3461
3460
850
3457
2126
2125
852
2124
3454
2123
854
855
858
859
2144
3475
3474
2141
3472
2139
860
2137
3467
2134
3465
866
2155
3002
3000
3482
3481
3480
871
872
873
874
2147
875
3477
876
877
878
879
3013
3497
3494
3493
2161
2160
3490
880
3008
882
3006
884
401
403
2156
404
888
889
406
407
409
2176
3020
890
891
892
411
3017
412
896
3016
413
2168
3015
897
898
3014
414
415
416
2180
3035
2184
420
421
424
425
2178
428
429
2190
2198
2197
2196
3043
3040
2192
430
431
432
433
434
436
437
438
439
3053
3052
3050
440
442
443
444
3049
3048
446
447
448
449
3060
3068
3066
3065
3064
3063
3062
450
451
453
454
455
456
3059
458
459
3071
3079
3075
3074
3073
460
3072
462
463
466
467
468
469
3069
3082
3081
3080
3089
3086
470
3085
471
472
3083
473
474
475
476
477
478
479
3099
3098
3097
480
3096
482
483
484
485
486
487
488
490
491
492
493
494
496
498
3904
3913
3916
3924
3925
3923
3935
2600
2608
2605
3934
3946
2619
2617
2615
3959
2622
2629
3954
2628
3968
3964
2647
2642
2641
2649
2658
2653
900
3983
901
903
904
905
906
3989
2659
908
909
3511
2664
911
913
914
3518
3999
3530
2682
2681
2680
2678
3524
3521
923
927
3529
3528
928
929
2207
3538
3535
3533
2685
930
2201
2200
934
939
3547
3546
3545
2214
940
3544
2211
946
947
3562
2230
2228
3559
3557
3556
951
2224
3554
3553
955
3574
2242
2241
3570
2237
2236
961
962
3565
963
964
965
966
3101
3100
3584
2252
3582
3581
3580
970
2248
972
2246
3576
3575
2244
3112
2264
2263
2262
2261
3591
980
3108
981
982
3589
983
3104
500
3103
2256
501
3586
986
502
987
503
504
505
989
506
508
509
3121
510
3116
511
2268
996
512
513
516
518
519
3134
3132
3131
3128
521
522
3126
523
2277
524
3124
525
526
528
529
2297
3144
2295
2294
2293
530
531
532
3136
2288
535
537
538
539
3156
3155
3154
3150
540
542
3149
545
2299
546
549
3164
550
551
554
555
3158
3157
557
558
3170
3178
3176
3175
3171
560
561
564
565
566
567
569
3181
3180
4031
3189
3185
3183
3182
571
572
573
575
577
578
579
3191
3197
580
3195
581
582
584
101
585
102
586
587
588
104
589
106
107
109
591
592
593
110
594
111
595
596
112
597
117
121
122
126
127
130
132
133
135
139
142
144
145
146
148
149
153
155
159
161
162
163
164
166
168
172
174
175
177
178
182
188
194
196
197
199
2700
2719
2718
2717
2716
2714
2723
2722
2720
2729
2728
2727
2726
2725
2735
2734
2732
2731
2730
2739
2738
2737
2736
2745
2743
2742
2741
2740
2748
2747
2752
2751
3607
2759
2771
2770
2768
3615
2767
2766
2765
2764
3611
2761
3618
2769
2781
2779
2778
2776
2775
2774
3620
3627
