1  3  187
1  3  188
1  2  181
1  4  200
1  1  103
2  3  188
2  3  189
2  3  190
2  2  184
2  4  200
2  1  59
3  2  171
3  4  201
3  1  92
4  3  188
4  3  189
4  3  190
4  2  182
4  4  200
4  1  114
5  2  176
5  1  134
6  3  188
6  2  178
6  4  200
6  1  158
7  3  188
7  2  177
7  4  200
7  1  157
8  3  190
8  3  191
8  3  192
8  2  172
8  4  201
8  1  59
9  3  197
9  2  170
9  1  130
10  2  172
10  1  105
11  3  190
11  3  191
11  2  172
11  4  201
11  1  158
12  2  170
12  1  105
13  2  172
13  1  58
14  3  187
14  3  188
14  2  181
14  4  200
14  1  52
15  3  190
15  3  191
15  2  184
15  4  200
15  1  107
16  3  190
16  2  171
16  4  201
16  1  132
17  3  189
17  3  190
17  2  183
17  4  200
17  1  27
18  3  191
18  3  192
18  3  193
18  2  186
18  1  118
19  2  174
19  1  165
20  3  190
20  3  191
20  2  183
20  4  201
20  1  30
21  2  172
21  1  135
22  2  171
22  1  50
23  2  170
23  1  158
24  2  173
24  1  107
25  2  172
25  1  3
26  3  191
26  2  172
26  4  201
26  1  163
27  3  188
27  3  189
27  2  184
27  4  200
27  1  52
28  2  183
28  4  201
28  1  157
29  3  190
29  3  191
29  3  192
29  2  172
29  4  202
29  1  77
30  2  177
30  1  102
31  3  188
31  2  177
31  4  200
31  1  33
32  2  177
32  1  164
33  3  188
33  3  189
33  3  190
33  2  178
33  4  200
33  1  147
34  2  171
34  1  49
35  3  191
35  2  180
35  1  76
36  3  187
36  2  180
36  4  199
36  1  119
37  2  184
37  1  19
38  3  187
38  3  188
38  2  181
38  4  200
38  1  57
39  3  191
39  3  192
39  2  183
39  1  144
40  2  172
40  4  201
40  1  76
41  2  173
41  1  72
42  3  187
42  3  188
42  2  177
42  4  200
42  1  155
43  3  188
43  3  189
43  2  184
43  4  200
43  1  76
44  3  189
44  3  190
44  2  184
44  4  200
44  1  34
45  2  177
45  1  70
46  2  178
46  1  70
47  2  183
47  1  137
48  3  188
48  3  189
48  2  170
48  4  200
48  1  121
49  3  187
49  3  188
49  2  181
49  4  200
49  1  39
50  2  185
50  1  165
51  3  191
51  3  192
51  2  172
51  4  200
51  1  125
52  3  192
52  3  193
52  2  174
52  1  59
53  3  188
53  3  189
53  2  184
53  4  200
53  1  71
54  3  192
54  3  193
54  2  172
54  4  201
54  1  147
55  2  178
55  1  70
56  2  184
56  4  200
56  1  158
57  3  190
57  3  191
57  3  192
57  2  183
57  4  201
57  1  125
58  2  177
58  1  70
59  3  188
59  3  189
59  2  184
59  4  200
59  1  40
60  3  188
60  3  189
60  2  184
60  4  200
60  1  31
61  3  187
61  3  188
61  2  177
61  4  200
61  1  40
62  3  194
62  2  173
62  4  202
62  1  168
63  2  180
63  1  21
64  3  188
64  3  189
64  3  190
64  2  171
64  4  200
64  1  40
65  2  177
65  1  40
66  3  194
66  2  171
66  4  202
66  1  23
67  3  190
67  3  191
67  2  177
67  4  200
67  1  147
68  3  197
68  2  176
68  4  201
68  1  78
69  2  178
69  1  167
70  2  185
70  1  87
71  2  176
71  1  79
72  2  174
72  1  79
73  2  172
73  1  35
74  3  196
74  3  197
74  2  173
74  4  202
74  1  78
75  2  178
75  1  16
76  3  195
76  2  182
76  4  203
76  1  130
77  2  184
77  1  160
78  2  174
78  1  6
79  2  183
79  1  23
80  3  193
80  2  172
80  1  125
81  3  188
81  3  189
81  3  190
81  2  178
81  4  200
81  1  163
82  3  191
82  3  192
82  2  185
82  1  147
83  2  183
83  1  92
84  2  184
84  1  163
85  2  176
85  1  87
86  2  176
86  1  87
87  3  187
87  2  181
87  1  131
88  3  188
88  3  189
88  2  183
88  4  200
88  1  86
89  2  185
89  1  161
90  2  178
90  1  108
91  2  185
91  1  137
92  3  189
92  3  190
92  2  183
92  4  200
92  1  91
93  2  184
93  1  105
94  3  192
94  3  193
94  2  174
94  4  201
94  1  130
95  3  188
95  3  189
95  2  184
95  4  200
95  1  77
96  2  170
96  1  166
97  2  185
97  1  79
98  2  182
98  1  163
99  3  193
99  3  194
99  2  172
99  4  201
99  1  49
100  2  177
100  1  164
101  2  180
101  1  21
102  3  195
102  3  196
102  3  197
102  2  174
102  1  122
103  3  190
103  3  191
103  2  183
103  4  201
103  1  158
104  2  185
104  1  122
105  2  171
105  1  165
106  2  185
106  1  137
107  3  196
107  2  182
107  1  7
108  3  195
108  2  185
108  1  137
109  3  191
109  3  192
109  3  193
109  2  180
109  4  200
109  1  140
110  3  194
110  3  195
110  2  182
110  4  203
110  1  35
111  3  193
111  3  194
111  2  171
111  4  202
111  1  151
112  3  187
112  3  188
112  2  181
112  4  200
112  1  159
113  2  174
113  1  91
114  2  171
114  4  201
114  1  137
115  2  175
115  1  78
116  3  188
116  2  184
116  4  200
116  1  27
117  3  187
117  2  180
117  4  200
117  1  70
118  2  178
118  4  200
118  1  70
119  3  195
119  3  196
119  2  171
119  1  98
120  3  188
120  3  189
120  2  177
120  4  200
120  1  52
121  2  178
121  1  23
122  3  187
122  3  188
122  2  180
122  4  200
122  1  158
123  3  187
123  3  188
123  2  180
123  4  200
123  1  156
124  2  185
124  1  98
125  3  188
125  2  182
125  4  200
125  1  33
126  3  188
126  3  189
126  3  190
126  2  183
126  4  200
126  1  119
127  2  175
127  1  163
128  2  185
128  1  70
129  2  180
129  4  200
129  1  76
130  2  177
130  1  156
131  2  183
131  4  201
131  1  82
132  3  190
132  3  191
132  2  184
132  4  200
132  1  74
133  3  187
133  2  181
133  4  200
133  1  29
134  3  187
134  2  179
134  1  29
135  3  188
135  3  189
135  2  184
135  4  200
135  1  112
136  3  187
136  2  179
136  1  29
137  2  178
137  4  200
137  1  112
138  2  185
138  1  105
139  3  187
139  3  188
139  2  181
139  4  200
139  1  56
140  3  193
140  3  194
140  3  195
140  2  185
140  4  201
140  1  85
141  2  178
141  1  19
142  3  192
142  3  193
142  3  194
142  2  171
142  4  201
142  1  102
143  2  182
143  1  74
144  3  187
144  2  179
144  1  52
145  3  188
145  2  186
145  4  200
145  1  159
146  3  190
146  3  191
146  3  192
146  2  180
146  4  200
146  1  21
147  3  188
147  3  189
147  2  184
147  4  200
147  1  71
148  3  187
148  3  188
148  2  177
148  4  200
148  1  152
149  2  174
149  1  76
150  2  185
150  1  14
151  3  191
151  3  192
151  2  183
151  4  201
151  1  55
152  3  190
152  3  191
152  2  183
152  4  202
152  1  54
153  2  178
153  4  200
153  1  157
154  2  180
154  1  157
155  2  171
155  1  33
156  3  192
156  3  193
156  2  186
156  1  118
157  2  183
157  1  135
158  2  185
158  1  102
159  2  183
159  1  168
160  2  182
160  1  130
161  2  172
161  1  35
162  3  197
162  2  185
162  1  165
163  2  183
163  1  36
164  3  194
164  3  195
164  3  196
164  2  170
164  4  202
164  1  74
165  2  182
165  1  130
166  3  189
166  3  190
166  2  184
166  4  200
166  1  77
167  3  192
167  2  186
167  1  118
168  3  190
168  2  184
168  4  200
168  1  74
169  3  194
169  3  195
169  2  178
169  1  85
170  3  191
170  3  192
170  3  193
170  2  172
170  4  200
170  1  102
171  3  197
171  2  185
171  1  85
172  3  189
172  3  190
172  3  191
172  2  177
172  4  200
172  1  107
173  3  190
173  3  191
173  2  183
173  4  200
173  1  162
174  2  184
174  1  49
175  3  189
175  3  190
175  2  184
175  4  200
175  1  164
176  2  185
176  1  102
177  2  183
177  1  23
178  2  175
178  1  23
179  2  184
179  1  100
180  2  172
180  1  100
181  2  178
181  4  201
181  1  107
182  2  178
182  4  200
182  1  168
183  3  193
183  3  194
183  2  183
183  4  201
183  1  78
184  2  185
184  1  78
185  2  185
185  1  18
186  2  184
186  1  105
187  2  174
187  1  147
188  3  195
188  2  183
188  4  201
188  1  78
189  2  184
189  1  100
190  2  171
190  1  100
191  3  191
191  3  192
191  3  193
191  2  178
191  4  200
191  1  79
192  2  185
192  4  201
192  1  23
193  2  178
193  1  23
194  2  172
194  1  108
195  3  191
195  2  172
195  4  201
195  1  168
196  2  177
196  1  105
197  3  191
197  3  192
197  3  193
197  2  183
197  4  201
197  1  102
198  3  189
198  3  190
198  3  191
198  2  184
198  4  200
198  1  163
199  3  193
199  2  171
199  4  201
199  1  168
200  3  188
200  3  189
200  3  190
200  2  178
200  4  200
200  1  130
201  3  197
201  2  185
201  4  202
201  1  46
202  2  178
202  1  79
203  2  178
203  1  105
204  2  171
204  1  35
205  3  188
205  3  189
205  2  184
205  1  92
206  2  184
206  1  101
207  2  178
207  4  200
207  1  112
208  3  188
208  2  178
208  1  131
209  2  177
209  4  200
209  1  40
210  2  178
210  1  164
211  3  193
211  2  172
211  4  201
211  1  101
212  2  178
212  1  130
213  2  178
213  1  147
214  2  183
214  1  105
215  3  190
215  3  191
215  2  184
215  4  200
215  1  140
216  3  190
216  3  191
216  2  170
216  4  201
216  1  23
217  3  192
217  3  193
217  3  194
217  2  185
217  4  201
217  1  74
218  3  190
218  3  191
218  2  172
218  4  201
218  1  147
219  3  188
219  2  177
219  4  200
219  1  57
220  3  188
220  3  189
220  3  190
220  2  184
220  4  200
220  1  110
221  2  171
221  4  202
221  1  108
222  2  180
222  1  35
223  3  193
223  2  185
223  4  201
223  1  168
224  3  189
224  2  183
224  4  201
224  1  169
225  2  180
225  1  156
226  2  183
226  1  85
227  3  197
227  2  185
227  4  203
227  1  117
228  3  187
228  2  181
228  4  200
228  1  28
229  3  194
229  2  185
229  4  202
229  1  163
230  2  185
230  1  78
231  3  188
231  3  189
231  3  190
231  2  184
231  4  200
231  1  101
232  3  192
232  3  193
232  2  173
232  4  202
232  1  72
233  3  190
233  3  191
233  2  184
233  4  200
233  1  168
234  3  190
234  3  191
234  3  192
234  2  183
234  4  201
234  1  135
235  2  178
235  1  74
236  3  190
236  3  191
236  2  177
236  4  201
236  1  125
237  3  197
237  2  185
237  1  148
238  2  184
238  1  163
239  2  185
239  1  78
240  3  193
240  3  194
240  2  171
240  4  201
240  1  130
241  3  194
241  3  195
241  2  172
241  4  201
241  1  165
242  2  185
242  1  78
243  3  192
243  3  193
243  2  183
243  4  201
243  1  166
244  3  194
244  3  195
244  3  196
244  2  174
244  4  201
244  1  85
245  2  176
245  4  203
245  1  102
246  2  178
246  4  200
246  1  107
247  3  187
247  2  180
247  1  34
248  2  184
248  1  107
249  2  183
249  1  35
250  2  172
250  4  200
250  1  74
251  2  183
251  1  102
252  3  191
252  3  192
252  3  193
252  3  194
252  2  178
252  4  200
252  1  13
253  2  172
253  4  201
253  1  125
254  2  184
254  4  201
254  1  139
255  3  193
255  3  194
255  3  195
255  2  172
255  4  201
255  1  79
256  3  194
256  3  195
256  3  196
256  2  174
256  4  201
256  1  116
257  3  191
257  3  192
257  3  193
257  2  184
257  1  74
258  3  189
258  3  190
258  2  178
258  4  200
258  1  105
259  2  174
259  4  202
259  1  141
260  2  172
260  1  164
261  2  184
261  4  200
261  1  119
262  2  185
262  1  165
263  2  183
263  1  165
264  3  196
264  3  197
264  2  176
264  4  202
264  1  74
265  2  170
265  4  203
265  1  45
266  2  170
266  4  201
266  1  164
267  2  170
267  1  105
268  2  185
268  4  203
268  1  78
269  3  197
269  2  185
269  4  202
269  1  78
270  2  176
270  1  49
271  2  185
271  4  202
271  1  125
272  3  196
272  3  197
272  2  176
272  4  203
272  1  125
273  2  171
273  1  148
274  2  174
274  1  166
275  2  174
275  1  98
276  3  195
276  3  196
276  2  174
276  4  201
276  1  165
277  2  171
277  1  10
278  3  196
278  3  197
278  2  175
278  4  202
278  1  102
279  3  197
279  2  176
279  1  53
280  3  197
280  2  185
280  1  161
281  3  195
281  3  196
281  2  185
281  4  201
281  1  78
282  3  196
282  3  197
282  2  174
282  4  202
282  1  85
283  3  194
283  3  195
283  3  196
283  2  171
283  4  201
283  1  85
284  3  195
284  2  185
284  1  148
285  2  174
285  4  203
285  1  147
286  2  184
286  4  201
286  1  107
287  3  192
287  3  193
287  3  194
287  2  171
287  4  201
287  1  147
288  3  194
288  2  184
288  4  202
288  1  100
289  2  170
289  4  203
289  1  147
290  3  192
290  3  193
290  2  183
290  4  201
290  1  100
291  3  193
291  3  194
291  2  171
291  4  201
291  1  100
292  3  192
292  3  193
292  3  194
292  2  172
292  4  201
292  1  100
293  3  197
293  2  176
293  4  203
293  1  124
294  2  171
294  1  169
295  2  183
295  4  203
295  1  10
296  2  184
296  4  200
296  1  164
297  2  185
297  4  203
297  1  168
298  2  177
298  1  107
299  2  172
299  1  147
300  3  187
300  2  181
300  1  52
301  2  173
301  1  88
302  3  188
302  3  189
302  2  184
302  4  200
302  1  110
303  3  194
303  2  172
303  1  136
304  2  183
304  1  139
305  3  188
305  3  189
305  3  190
305  2  186
305  4  201
305  1  154
306  2  182
306  1  10
307  2  182
307  1  130
308  2  184
308  1  107
309  3  187
309  2  181
309  1  111
310  3  189
310  3  190
310  2  182
310  1  38
311  3  197
311  2  175
311  4  203
311  1  78
312  2  185
312  1  79
313  2  185
313  1  85
314  2  185
314  1  166
315  3  190
315  3  191
315  3  192
315  2  186
315  4  201
315  1  28
316  3  195
316  3  196
316  2  171
316  4  201
316  1  43
317  3  187
317  2  179
317  1  154
318  3  197
318  2  185
318  1  99
319  3  197
319  2  185
319  1  99
320  2  185
320  1  85
321  2  184
321  1  164
322  2  184
322  1  101
323  3  194
323  2  184
323  4  202
323  1  78
324  3  195
324  2  171
324  4  202
324  1  79
325  2  178
325  4  200
325  1  70
326  2  185
326  1  85
327  3  195
327  3  196
327  3  197
327  2  174
327  4  202
327  1  85
328  2  185
328  1  161
329  3  197
329  2  173
329  1  78
330  3  187
330  2  179
330  4  200
330  1  39
331  3  191
331  2  180
331  1  128
332  2  175
332  1  163
333  3  191
333  2  182
333  1  102
334  2  185
334  1  50
335  2  173
335  1  54
336  2  174
336  1  50
337  2  176
337  1  78
338  2  180
338  1  108
339  2  178
339  1  115
340  3  188
340  2  184
340  4  200
340  1  34
341  3  187
341  3  188
341  2  181
341  1  22
342  3  188
342  3  189
342  2  184
342  4  200
342  1  71
343  2  184
343  1  147
344  2  183
344  1  166
345  3  188
345  2  181
345  4  200
345  1  29
346  3  191
346  3  192
346  3  193
346  2  183
346  4  201
346  1  130
347  3  190
347  3  191
347  2  182
347  4  200
347  1  113
348  2  178
348  1  163
349  2  182
349  1  125
350  2  183
350  4  201
350  1  56
351  2  177
351  1  163
352  2  180
352  1  140
353  2  186
353  1  57
354  3  193
354  2  170
354  4  200
354  1  85
355  2  185
355  1  117
356  2  185
356  1  9
357  3  189
357  3  190
357  2  177
357  4  200
357  1  130
358  3  197
358  2  185
358  1  117
359  3  187
359  2  179
359  1  155
360  2  176
360  1  53
361  2  185
361  1  107
362  2  177
362  1  107
363  2  184
363  1  102
364  2  170
364  1  152
365  2  182
365  1  163
366  2  178
366  1  165
367  3  188
367  3  189
367  3  190
367  2  183
367  4  200
367  1  152
368  2  174
368  1  107
369  2  180
369  1  79
370  2  170
370  1  152
371  2  185
371  1  87
372  3  190
372  2  184
372  4  200
372  1  147
373  3  189
373  3  190
373  2  183
373  4  200
373  1  154
374  2  176
374  1  49
375  3  187
375  2  181
375  1  92
376  2  173
376  4  202
376  1  137
377  2  182
377  1  130
378  3  189
378  3  190
378  2  183
378  4  201
378  1  162
379  2  185
379  1  161
380  2  176
380  1  106
381  2  172
381  1  74
382  3  197
382  2  185
382  1  149
383  3  190
383  3  191
383  2  186
383  4  201
383  1  131
384  3  197
384  2  185
384  1  99
385  2  185
385  1  130
386  2  178
386  1  79
387  2  178
387  1  125
388  2  180
388  1  21
389  2  185
389  1  98
390  2  170
390  1  164
391  2  184
391  1  85
392  3  190
392  3  191
392  2  177
392  4  200
392  1  50
393  2  182
393  1  35
394  3  188
394  3  189
394  2  182
394  1  132
395  2  183
395  1  148
396  2  177
396  1  102
397  2  171
397  1  143
398  2  185
398  1  133
399  2  185
399  1  161
400  2  178
400  1  156
401  2  177
401  1  156
402  2  175
402  1  47
403  3  189
403  3  190
403  2  184
403  4  200
403  1  168
404  3  191
404  3  192
404  2  183
404  4  200
404  1  100
405  2  177
405  1  74
406  2  176
406  1  116
407  2  185
407  1  78
408  2  172
408  1  143
409  2  184
409  1  101
410  2  185
410  1  147
411  3  190
411  3  191
411  3  192
411  2  184
411  4  200
411  1  50
412  3  189
412  3  190
412  2  182
412  4  202
412  1  132
413  2  174
413  1  165
414  2  172
414  1  165
415  3  188
415  3  189
415  3  190
415  3  191
415  3  192
415  2  184
415  4  200
415  1  158
416  2  185
416  1  84
417  2  173
417  1  124
418  3  194
418  3  195
418  2  185
418  1  165
419  3  188
419  2  177
419  4  200
419  1  152
420  2  180
420  1  85
421  2  177
421  1  69
422  2  180
422  1  21
423  2  178
423  1  74
424  3  188
424  2  170
424  4  200
424  1  154
425  3  197
425  2  185
425  1  149
426  2  178
426  1  19
427  3  189
427  3  190
427  2  183
427  4  201
427  1  110
428  2  177
428  1  110
429  2  174
429  1  91
430  3  188
430  2  170
430  4  200
430  1  159
431  3  187
431  2  179
431  1  29
432  3  187
432  3  188
432  2  181
432  4  200
432  1  39
433  2  185
433  1  88
434  3  196
434  2  174
434  1  88
435  3  195
435  2  185
435  1  88
436  3  187
436  3  188
436  2  177
436  4  200
436  1  152
437  3  197
437  2  176
437  1  88
438  3  188
438  2  178
438  1  86
439  3  187
439  2  181
439  1  22
440  3  187
440  2  181
440  4  200
440  1  22
441  2  177
441  1  113
442  3  191
442  2  180
442  1  40
443  2  177
443  1  144
444  2  170
444  1  32
445  3  188
445  3  189
445  3  190
445  2  183
445  4  200
445  1  40
446  3  189
446  3  190
446  2  184
446  4  201
446  1  59
447  2  183
447  1  125
448  2  180
448  1  101
449  3  188
449  3  189
449  3  190
449  2  182
449  4  200
449  1  157
450  2  174
450  1  88
451  2  185
451  1  88
452  3  190
452  3  191
452  2  171
452  4  200
452  1  131
453  3  188
453  2  177
453  4  200
453  1  121
454  2  182
454  1  157
455  3  187
455  2  181
455  4  200
455  1  39
456  3  189
456  2  171
456  1  132
457  3  193
457  2  184
457  4  201
457  1  85
458  3  188
458  3  189
458  3  190
458  2  184
458  4  200
458  1  32
459  3  188
459  3  189
459  3  190
459  2  170
459  4  201
459  1  76
460  2  172
460  1  74
461  3  195
461  2  185
461  1  102
462  3  188
462  3  189
462  2  183
462  4  200
462  1  32
463  3  188
463  3  189
463  2  177
463  1  31
464  3  197
464  2  176
464  4  202
464  1  43
465  3  193
465  2  184
465  4  201
465  1  130
466  2  183
466  1  70
467  2  178
467  4  200
467  1  158
468  3  189
468  3  190
468  2  177
468  4  201
468  1  123
469  3  188
469  3  189
469  2  170
469  4  200
469  1  32
470  2  178
470  1  156
471  3  190
471  3  191
471  3  192
471  2  184
471  4  201
471  1  3
472  2  170
472  1  40
473  2  180
473  1  143
474  2  177
474  1  10
475  3  191
475  3  192
475  3  193
475  2  183
475  1  164
476  3  192
476  2  170
476  1  37
477  3  191
477  3  192
477  3  193
477  2  183
477  4  201
477  1  107
478  3  187
478  2  181
478  4  200
478  1  22
479  2  173
479  1  116
480  3  190
480  3  191
480  2  182
480  1  102
481  3  187
481  2  179
481  1  22
482  2  184
482  1  125
483  3  194
483  3  195
483  2  172
483  4  201
483  1  98
484  3  187
484  2  181
484  1  22
485  2  178
485  1  35
486  3  187
486  2  181
486  4  201
486  1  159
487  2  184
487  1  125
488  3  188
488  3  189
488  3  190
488  2  177
488  4  201
488  1  59
489  3  191
489  2  178
489  4  200
489  1  130
490  3  190
490  3  191
490  2  178
490  4  200
490  1  143
491  2  183
491  1  52
492  2  178
492  1  160
493  3  192
493  3  193
493  2  184
493  4  201
493  1  143
494  2  172
494  1  50
495  3  187
495  2  181
495  1  73
496  3  188
496  2  178
496  4  200
496  1  157
497  3  187
497  3  188
497  2  181
497  4  200
497  1  93
498  3  187
498  2  181
498  4  200
498  1  56
499  3  187
499  3  188
499  2  181
499  4  200
499  1  119
500  3  187
500  3  188
500  2  181
500  1  40
501  3  194
501  2  172
501  4  201
501  1  145
502  2  182
502  1  102
503  3  189
503  3  190
503  2  172
503  4  200
503  1  52
504  3  187
504  2  181
504  4  200
504  1  103
505  2  172
505  1  165
506  3  191
506  3  192
506  3  193
506  2  183
506  4  200
506  1  3
507  3  187
507  2  181
507  4  200
507  1  27
508  3  187
508  3  188
508  2  181
508  4  200
508  1  93
509  2  184
509  1  35
510  2  172
510  1  163
511  2  170
511  1  35
512  3  192
512  2  184
512  1  105
513  2  183
513  1  107
514  3  197
514  2  185
514  1  81
515  2  180
515  1  107
516  2  185
516  1  46
517  2  172
517  1  168
518  2  185
518  1  161
519  3  187
519  2  179
519  1  93
520  3  188
520  3  189
520  2  184
520  4  200
520  1  86
521  2  185
521  1  147
522  3  187
522  3  188
522  2  181
522  4  200
522  1  27
523  3  190
523  2  183
523  4  201
523  1  31
524  3  187
524  2  179
524  1  27
525  3  187
525  2  181
525  4  200
525  1  93
526  3  187
526  2  181
526  1  93
527  3  187
527  2  179
527  1  27
528  3  187
528  2  181
528  4  200
528  1  29
529  2  171
529  1  78
530  2  170
530  1  130
531  3  187
531  2  181
531  1  93
532  2  185
532  1  133
533  2  170
533  1  78
534  3  190
534  3  191
534  2  177
534  4  200
534  1  163
535  3  187
535  2  181
535  1  92
536  2  178
536  1  101
537  2  185
537  1  133
538  3  187
538  2  181
538  4  200
538  1  73
539  3  187
539  2  181
539  4  200
539  1  73
540  2  170
540  1  105
541  2  172
541  1  45
542  2  185
542  1  74
543  2  185
543  1  151
544  2  185
544  1  46
545  2  172
545  1  130
546  2  185
546  1  2
547  2  170
547  1  108
548  2  185
548  1  35
549  3  188
549  3  189
549  2  170
549  4  201
549  1  112
550  2  177
550  1  79
551  3  190
551  3  191
551  2  172
551  4  200
551  1  91
552  3  195
552  3  196
552  2  174
552  4  202
552  1  79
553  3  189
553  3  190
553  2  184
553  4  200
553  1  130
554  3  187
554  2  181
554  4  200
554  1  129
555  3  187
555  2  181
555  4  200
555  1  29
556  2  174
556  1  116
557  2  182
557  1  7
558  2  172
558  1  130
559  3  187
559  2  179
559  4  200
559  1  27
560  2  185
560  1  105
561  2  184
561  1  116
562  2  180
562  1  35
563  3  193
563  3  194
563  2  178
563  4  200
563  1  13
564  3  194
564  3  195
564  2  170
564  4  202
564  1  78
565  2  170
565  1  78
566  2  180
566  1  147
567  2  172
567  1  112
568  2  185
568  1  164
569  3  188
569  2  183
569  4  200
569  1  57
570  3  189
570  3  190
570  2  182
570  1  66
571  3  193
571  3  194
571  2  177
571  4  201
571  1  13
572  2  170
572  1  166
573  2  172
573  1  102
574  2  176
574  1  49
575  2  180
575  1  156
576  2  185
576  1  49
577  3  189
577  3  190
577  3  191
577  2  183
577  4  201
577  1  72
578  2  178
578  1  108
579  2  171
579  1  10
580  2  184
580  1  85
581  2  171
581  1  148
582  2  175
582  1  130
583  2  172
583  1  145
584  2  176
584  1  49
585  3  194
585  3  195
585  2  173
585  4  202
585  1  130
586  3  192
586  3  193
586  3  194
586  2  185
586  4  202
586  1  125
587  2  184
587  1  147
588  3  194
588  3  195
588  2  173
588  4  202
588  1  106
589  2  174
589  1  130
590  3  187
590  2  180
590  4  199
590  1  158
591  2  178
591  1  130
592  2  183
592  1  69
593  2  170
593  1  130
594  2  178
594  1  23
595  2  170
595  1  163
596  3  193
596  3  194
596  2  171
596  4  201
596  1  35
597  2  184
597  1  101
598  2  172
598  1  35
599  2  185
599  1  107
600  2  178
600  1  163
601  2  178
601  1  102
602  2  184
602  1  166
603  2  174
603  1  49
604  2  180
604  1  140
605  2  178
605  1  125
606  2  175
606  1  163
607  2  172
607  1  35
608  2  177
608  1  102
609  3  190
609  2  184
609  4  200
609  1  147
610  2  180
610  1  164
611  3  187
611  3  188
611  2  170
611  4  200
611  1  93
612  2  185
612  1  166
613  3  197
613  2  185
613  4  203
613  1  149
614  3  188
614  2  184
614  4  200
614  1  70
615  2  180
615  1  107
616  3  191
616  3  192
616  3  193
616  2  183
616  4  201
616  1  35
617  3  192
617  3  193
617  3  194
617  2  171
617  4  201
617  1  35
618  2  172
618  4  200
618  1  101
619  3  188
619  2  178
619  4  199
619  1  156
620  2  184
620  1  35
621  2  183
621  1  102
622  3  193
622  3  194
622  2  185
622  1  107
623  2  185
623  1  133
624  3  192
624  3  193
624  2  183
624  4  201
624  1  10
625  2  180
625  4  200
625  1  158
626  2  172
626  1  160
627  2  171
627  1  141
628  2  183
628  1  74
629  3  188
629  3  189
629  2  177
629  4  200
629  1  76
630  2  184
630  1  116
631  2  174
631  1  78
632  3  191
632  2  178
632  1  112
633  2  172
633  1  107
634  2  178
634  1  168
635  3  193
635  2  184
635  4  199
635  1  165
636  3  188
636  3  189
636  3  190
636  2  184
636  4  200
636  1  138
637  2  173
637  1  102
638  3  190
638  3  191
638  3  192
638  3  193
638  2  180
638  4  199
638  1  74
639  2  185
639  1  160
640  2  178
640  1  74
641  2  185
641  1  137
642  2  184
642  1  166
643  2  170
643  4  202
643  1  78
644  2  184
644  1  108
645  2  170
645  1  35
646  2  183
646  1  79
647  2  170
647  1  168
648  3  197
648  2  185
648  4  203
648  1  87
649  2  176
649  1  87
650  2  185
650  1  117
651  2  178
651  1  102
652  3  192
652  3  193
652  2  184
652  4  201
652  1  3
653  2  180
653  1  161
654  3  197
654  2  185
654  1  43
655  2  185
655  1  164
656  3  188
656  3  189
656  2  184
656  4  200
656  1  31
657  2  172
657  4  201
657  1  127
658  3  191
658  3  192
658  2  172
658  4  201
658  1  164
659  3  193
659  3  194
659  2  172
659  4  201
659  1  106
660  2  175
660  1  106
661  2  178
661  1  101
662  3  194
662  3  195
662  3  196
662  3  197
662  2  174
662  4  202
662  1  49
663  2  172
663  4  201
663  1  127
664  2  178
664  1  143
665  3  191
665  3  192
665  2  183
665  4  201
665  1  105
666  3  190
666  3  191
666  2  170
666  4  201
666  1  110
667  3  197
667  2  185
667  1  133
668  3  188
668  3  189
668  2  184
668  4  200
668  1  70
669  2  185
669  1  102
670  3  194
670  3  195
670  2  172
670  4  201
670  1  85
671  2  171
671  4  201
671  1  33
672  2  174
672  1  151
673  3  188
673  3  189
673  3  190
673  2  171
673  4  201
673  1  110
674  2  174
674  1  49
675  3  188
675  3  189
675  2  178
675  4  200
675  1  102
676  3  188
676  2  184
676  4  200
676  1  110
677  3  193
677  3  194
677  2  170
677  4  202
677  1  78
678  2  185
678  1  8
679  2  185
679  1  124
680  2  170
680  4  201
680  1  23
681  2  172
681  1  98
682  2  178
682  1  164
683  2  185
683  1  108
684  3  188
684  3  189
684  3  190
684  2  172
684  4  200
684  1  110
685  3  188
685  2  184
685  4  200
685  1  157
686  2  173
686  1  1
687  3  197
687  2  173
687  1  1
688  2  185
688  1  44
689  2  185
689  1  44
690  2  185
690  1  44
691  2  185
691  1  148
692  2  185
692  1  165
693  3  190
693  3  191
693  2  170
693  4  200
693  1  74
694  3  194
694  2  173
694  4  202
694  1  35
695  3  197
695  2  176
695  4  201
695  1  165
696  3  194
696  2  174
696  4  202
696  1  45
697  2  172
697  1  141
698  2  174
698  4  203
698  1  50
699  3  189
699  3  190
699  3  191
699  2  171
699  4  201
699  1  68
700  2  184
700  1  108
701  3  194
701  3  195
701  3  196
701  2  171
701  4  201
701  1  165
702  3  197
702  2  173
702  4  203
702  1  165
703  2  185
703  4  203
703  1  46
704  2  184
704  4  200
704  1  102
705  3  191
705  3  192
705  2  184
705  4  201
705  1  101
706  2  172
706  1  101
707  3  191
707  3  192
707  2  183
707  4  201
707  1  125
708  2  185
708  4  203
708  1  117
709  2  171
709  4  203
709  1  68
710  2  184
710  4  200
710  1  74
711  3  188
711  3  189
711  3  190
711  2  184
711  4  200
711  1  74
712  3  194
712  3  195
712  3  196
712  2  174
712  4  201
712  1  79
713  2  172
713  4  201
713  1  79
714  2  170
714  4  201
714  1  74
715  2  185
715  1  117
716  3  188
716  3  189
716  2  178
716  4  200
716  1  156
717  2  184
717  4  200
717  1  168
718  3  189
718  3  190
718  3  191
718  2  184
718  4  200
718  1  130
719  3  196
719  2  174
719  4  201
719  1  78
720  2  185
720  1  90
721  2  185
721  1  117
722  2  172
722  1  74
723  2  184
723  1  23
724  3  190
724  3  191
724  2  172
724  4  201
724  1  168
725  3  194
725  2  173
725  1  10
726  2  171
726  1  23
727  2  183
727  4  202
727  1  23
728  3  193
728  3  194
728  2  184
728  4  201
728  1  79
729  3  192
729  3  193
729  2  184
729  4  199
729  1  35
730  3  192
730  3  193
730  3  194
730  2  184
730  4  200
730  1  74
731  3  193
731  3  194
731  2  184
731  4  200
731  1  85
732  3  192
732  3  193
732  2  172
732  4  201
732  1  35
733  2  174
733  1  102
734  3  193
734  3  194
734  2  173
734  4  203
734  1  23
735  2  185
735  1  130
736  2  173
736  1  96
737  2  175
737  1  96
738  2  184
738  4  202
738  1  45
739  2  170
739  4  201
739  1  108
740  3  188
740  3  189
740  3  190
740  2  178
740  4  200
740  1  101
741  2  172
741  4  202
741  1  137
742  3  197
742  2  185
742  1  161
743  3  197
743  2  185
743  1  161
744  2  185
744  1  163
745  2  184
745  4  201
745  1  164
746  2  176
746  1  150
747  3  196
747  3  197
747  2  173
747  4  203
747  1  35
748  3  194
748  3  195
748  2  173
748  4  202
748  1  35
749  2  184
749  4  200
749  1  119
750  3  194
750  3  195
750  2  171
750  4  202
750  1  49
751  2  184
751  1  164
752  3  197
752  2  185
752  1  89
753  2  170
753  1  140
754  2  184
754  1  73
755  2  185
755  1  43
756  2  185
756  1  117
757  2  183
757  4  201
757  1  72
758  2  177
758  4  200
758  1  76
759  2  185
759  1  165
760  3  190
760  3  191
760  2  172
760  4  201
760  1  163
761  3  193
761  3  194
761  2  184
761  4  200
761  1  78
762  2  184
762  1  160
763  2  177
763  1  79
764  3  191
764  3  192
764  2  172
764  4  201
764  1  125
765  2  183
765  1  156
766  3  189
766  2  184
766  4  200
766  1  125
767  3  196
767  3  197
767  2  185
767  4  202
767  1  98
768  3  192
768  3  193
768  3  194
768  2  184
768  4  201
768  1  78
769  3  191
769  3  192
769  2  183
769  4  201
769  1  102
770  3  197
770  2  185
770  1  149
771  3  187
771  3  188
771  2  181
771  4  200
771  1  28
772  3  194
772  3  195
772  2  172
772  4  201
772  1  78
773  3  196
773  2  173
773  4  202
773  1  78
774  3  196
774  3  197
774  2  176
774  4  202
774  1  78
775  2  177
775  1  74
776  3  197
776  2  173
776  4  203
776  1  78
777  2  185
777  1  108
778  2  172
778  4  201
778  1  102
779  3  188
779  3  189
779  3  190
779  2  184
779  4  200
779  1  102
780  3  194
780  3  195
780  3  196
780  2  174
780  4  201
780  1  85
781  3  193
781  3  194
781  3  195
781  2  172
781  4  201
781  1  85
782  2  180
782  4  200
782  1  73
783  2  178
783  4  200
783  1  73
784  3  197
784  2  173
784  4  202
784  1  148
785  3  189
785  3  190
785  2  184
785  4  200
785  1  74
786  3  192
786  3  193
786  2  171
786  4  201
786  1  125
787  2  173
787  1  148
788  3  187
788  2  180
788  4  200
788  1  156
789  2  180
789  4  200
789  1  103
790  3  187
790  3  188
790  2  179
790  1  159
791  3  194
791  3  195
791  2  171
791  4  201
791  1  148
792  3  191
792  3  192
792  3  193
792  2  172
792  4  200
792  1  105
793  2  178
793  4  200
793  1  105
794  3  195
794  3  196
794  3  197
794  2  173
794  4  202
794  1  74
795  2  172
795  4  201
795  1  76
796  2  184
796  4  201
796  1  76
797  2  178
797  4  200
797  1  76
798  3  193
798  3  194
798  2  170
798  4  201
798  1  74
799  2  180
799  4  199
799  1  76
800  2  178
800  4  200
800  1  140
801  3  190
801  3  191
801  2  172
801  4  200
801  1  110
802  3  187
802  2  181
802  1  56
803  3  188
803  3  189
803  2  184
803  4  200
803  1  119
804  2  178
804  4  200
804  1  140
805  2  178
805  4  200
805  1  140
806  3  187
806  3  188
806  2  178
806  4  199
806  1  156
807  3  193
807  3  194
807  2  174
807  4  201
807  1  49
808  3  197
808  2  175
808  1  106
809  2  172
809  1  105
810  2  175
810  1  88
811  2  183
811  1  130
812  2  170
812  1  130
813  3  190
813  3  191
813  2  184
813  4  201
813  1  164
814  3  189
814  3  190
814  2  184
814  4  200
814  1  164
815  2  184
815  4  200
815  1  107
816  3  192
816  3  193
816  2  184
816  1  71
817  3  187
817  3  188
817  2  178
817  4  200
817  1  159
818  3  188
818  2  178
818  4  200
818  1  76
819  3  189
819  3  190
819  2  184
819  4  200
819  1  74
820  3  192
820  3  193
820  2  172
820  4  201
820  1  3
821  3  192
821  3  193
821  3  194
821  2  183
821  4  201
821  1  79
822  2  171
822  1  72
823  2  183
823  1  72
824  2  171
824  1  78
825  3  197
825  2  185
825  1  149
826  3  194
826  2  180
826  1  21
827  2  183
827  1  54
828  3  188
828  2  178
828  4  199
828  1  52
829  2  174
829  1  74
830  3  194
830  3  195
830  3  196
830  2  176
830  1  49
831  3  187
831  3  188
831  2  178
831  4  200
831  1  112
832  2  170
832  1  130
833  3  193
833  3  194
833  2  184
833  4  201
833  1  78
834  2  183
834  4  201
834  1  70
835  3  190
835  2  184
835  4  200
835  1  102
836  3  194
836  3  195
836  2  172
836  4  201
836  1  85
837  3  188
837  3  189
837  3  190
837  2  184
837  4  200
837  1  101
838  2  175
838  1  134
839  3  194
839  3  195
839  3  196
839  2  172
839  4  201
839  1  85
840  3  195
840  2  184
840  4  202
840  1  78
841  3  188
841  3  189
841  3  190
841  2  184
841  4  200
841  1  76
842  2  172
842  1  160
843  3  188
843  3  189
843  2  186
843  4  202
843  1  153
844  3  191
844  2  180
844  1  128
845  3  190
845  3  191
845  2  184
845  4  200
845  1  144
846  3  188
846  2  170
846  4  200
846  1  29
847  3  188
847  3  189
847  2  182
847  1  95
848  3  187
848  3  188
848  2  181
848  4  200
848  1  29
849  3  197
849  2  185
849  1  80
850  2  185
850  1  51
851  3  187
851  2  181
851  1  131
852  3  193
852  3  194
852  2  171
852  4  201
852  1  106
853  3  190
853  3  191
853  3  192
853  2  170
853  4  201
853  1  32
854  3  189
854  3  190
854  2  184
854  4  201
854  1  135
855  3  191
855  3  192
855  2  183
855  4  200
855  1  168
856  3  187
856  2  181
856  4  200
856  1  52
857  2  170
857  1  35
858  2  185
858  1  53
859  3  187
859  2  181
859  1  52
860  3  188
860  3  189
860  2  186
860  1  155
861  3  191
861  3  192
861  3  193
861  3  194
861  3  195
861  3  196
861  2  186
861  1  155
862  3  187
862  2  181
862  4  200
862  1  29
863  3  188
863  2  177
863  4  200
863  1  59
864  3  193
864  3  194
864  2  171
864  4  202
864  1  125
865  3  187
865  2  181
865  1  29
866  2  174
866  1  25
867  2  182
867  1  102
868  2  178
868  1  127
869  3  187
869  2  179
869  4  199
869  1  39
870  3  187
870  3  188
870  2  180
870  4  200
870  1  76
871  3  187
871  3  188
871  2  181
871  4  200
871  1  159
872  3  188
872  2  178
872  4  200
872  1  34
873  3  188
873  3  189
873  3  190
873  2  182
873  4  200
873  1  169
874  3  187
874  3  188
874  3  189
874  2  184
874  4  200
874  1  34
875  3  188
875  3  189
875  3  190
875  2  182
875  4  200
875  1  113
876  2  182
876  1  130
877  3  190
877  2  182
877  1  28
878  2  177
878  1  105
879  2  184
879  1  50
880  3  197
880  2  174
880  1  79
881  3  188
881  3  189
881  3  190
881  2  182
881  4  200
881  1  28
882  2  171
882  1  74
883  3  193
883  3  194
883  3  195
883  2  172
883  4  202
883  1  137
884  2  184
884  1  140
885  3  188
885  3  189
885  3  190
885  2  182
885  4  200
885  1  33
886  2  185
886  1  85
887  2  172
887  1  168
888  2  181
888  1  60
889  3  188
889  2  182
889  4  201
889  1  169
890  3  189
890  3  190
890  2  182
890  4  200
890  1  169
891  2  185
891  1  15
892  3  187
892  2  179
892  1  22
893  3  189
893  3  190
893  3  191
893  2  177
893  4  200
893  1  156
894  3  187
894  2  179
894  1  22
895  3  188
895  3  189
895  3  190
895  2  184
895  4  200
895  1  105
896  3  191
896  3  192
896  2  186
896  1  130
897  3  190
897  3  191
897  2  186
897  4  200
897  1  130
898  3  188
898  2  182
898  1  33
899  3  188
899  3  189
899  2  182
899  4  200
899  1  123
900  3  188
900  2  182
900  1  123
901  3  193
901  2  171
901  4  201
901  1  35
902  3  188
902  3  189
902  2  182
902  1  93
903  3  188
903  3  189
903  3  190
903  2  184
903  4  200
903  1  138
904  3  194
904  3  195
904  2  186
904  1  35
905  3  191
905  3  192
905  2  183
905  1  166
906  3  194
906  3  195
906  2  171
906  4  202
906  1  148
907  3  187
907  3  188
907  3  189
907  2  170
907  4  201
907  1  32
908  3  189
908  3  190
908  3  191
908  3  192
908  3  193
908  2  186
908  1  154
909  3  188
909  2  181
909  1  73
910  3  188
910  3  189
910  2  186
910  1  131
911  3  187
911  3  188
911  2  181
911  4  200
911  1  156
912  3  190
912  3  191
912  3  192
912  3  193
912  2  186
912  4  201
912  1  42
913  3  190
913  3  191
913  2  186
913  4  201
913  1  42
914  3  190
914  3  191
914  3  192
914  2  186
914  1  42
915  3  188
915  3  189
915  3  190
915  2  186
915  1  27
916  2  174
916  1  116
917  3  194
917  3  195
917  2  171
917  4  201
917  1  78
918  2  185
918  1  140
919  3  191
919  3  192
919  2  186
919  1  82
920  3  191
920  2  186
920  1  82
921  2  174
921  1  120
922  3  188
922  2  182
922  1  33
923  2  182
923  1  105
924  3  190
924  3  191
924  3  192
924  2  186
924  1  154
925  2  178
925  1  107
926  3  190
926  3  191
926  2  170
926  4  202
926  1  112
927  3  189
927  3  190
927  3  191
927  2  186
927  4  201
927  1  131
928  3  189
928  3  190
928  3  191
928  2  186
928  4  201
928  1  112
929  3  192
929  3  193
929  2  171
929  4  201
929  1  10
930  3  190
930  3  191
930  2  184
930  4  200
930  1  164
931  3  188
931  2  170
931  4  201
931  1  57
932  3  188
932  3  189
932  3  190
932  2  184
932  4  200
932  1  105
933  3  187
933  3  188
933  2  181
933  1  129
934  2  180
934  1  102
935  3  194
935  3  195
935  2  171
935  4  201
935  1  78
936  3  193
936  3  194
936  2  183
936  4  201
936  1  85
937  3  190
937  3  191
937  3  192
937  2  183
937  4  201
937  1  91
938  3  190
938  3  191
938  2  177
938  4  200
938  1  69
939  3  188
939  3  189
939  2  184
939  1  76
940  3  193
940  2  185
940  4  201
940  1  100
941  3  188
941  3  189
941  3  190
941  2  184
941  4  200
941  1  31
942  2  185
942  1  124
943  2  185
943  1  43
944  3  189
944  3  190
944  2  172
944  4  201
944  1  70
945  3  193
945  2  184
945  1  58
946  3  196
946  3  197
946  2  173
946  4  201
946  1  148
947  3  196
947  2  186
947  1  153
948  2  180
948  4  200
948  1  127
949  2  183
949  1  168
950  2  178
950  1  125
951  2  184
951  1  156
952  3  196
952  2  173
952  4  203
952  1  145
953  3  188
953  2  178
953  1  112
954  3  188
954  2  178
954  4  200
954  1  112
955  2  180
955  1  163
956  2  170
956  1  164
957  3  195
957  2  173
957  4  202
957  1  116
958  3  191
958  3  192
958  3  193
958  2  186
958  1  37
959  3  191
959  2  186
959  1  118
960  3  188
960  2  182
960  1  92
961  3  189
961  3  190
961  2  183
961  4  201
961  1  59
962  3  190
962  3  191
962  2  186
962  4  202
962  1  112
963  3  194
963  2  170
963  1  74
964  3  188
964  3  189
964  2  178
964  4  200
964  1  125
965  3  188
965  3  189
965  2  182
965  1  92
966  3  188
966  2  183
966  4  200
966  1  32
967  3  187
967  3  188
967  2  178
967  4  200
967  1  158
968  3  190
968  2  183
968  4  201
968  1  162
969  3  187
969  3  188
969  2  181
969  4  200
969  1  159
970  3  188
970  3  189
970  2  170
970  4  200
970  1  86
971  3  192
971  3  193
971  2  170
971  4  201
971  1  105
972  3  194
972  3  195
972  2  171
972  4  201
972  1  116
973  3  194
973  2  186
973  1  78
974  3  188
974  3  189
974  2  178
974  4  200
974  1  109
975  2  171
975  1  105
976  2  171
976  1  79
977  3  194
977  3  195
977  2  171
977  4  201
977  1  79
978  3  189
978  3  190
978  2  184
978  4  200
978  1  147
979  3  189
979  3  190
979  2  183
979  4  200
979  1  62
980  2  184
980  4  200
980  1  125
981  2  177
981  4  201
981  1  123
982  3  188
982  2  177
982  1  155
983  3  188
983  3  189
983  3  190
983  2  183
983  1  40
984  3  188
984  3  189
984  2  170
984  4  201
984  1  112
985  2  173
985  1  148
986  2  173
986  1  148
987  2  173
987  1  74
988  3  191
988  3  192
988  2  171
988  4  201
988  1  163
989  3  193
989  3  194
989  3  195
989  2  171
989  1  110
990  3  188
990  3  189
990  2  182
990  4  201
990  1  112
991  2  184
991  1  144
992  3  187
992  2  179
992  1  56
993  3  190
993  3  191
993  2  184
993  4  201
993  1  59
994  3  188
994  3  189
994  2  182
994  1  131
995  3  188
995  3  189
995  3  190
995  2  183
995  4  201
995  1  57
996  3  188
996  3  189
996  3  190
996  2  172
996  4  200
996  1  40
997  3  196
997  3  197
997  2  186
997  1  102
998  2  176
998  1  134
999  3  189
999  3  190
999  3  191
999  2  182
999  1  131
1000  2  185
1000  1  43
1001  2  184
1001  1  70
1002  3  188
1002  3  189
1002  2  184
1002  4  200
1002  1  158
1003  3  197
1003  2  173
1003  1  88
1004  2  176
1004  1  49
1005  2  184
1005  1  70
1006  3  193
1006  2  185
1006  4  201
1006  1  35
1007  3  197
1007  2  185
1007  1  161
1008  3  190
1008  3  191
1008  2  183
1008  4  201
1008  1  119
1009  3  187
1009  3  188
1009  2  178
1009  4  200
1009  1  119
1010  2  184
1010  1  34
1011  2  172
1011  4  201
1011  1  74
1012  2  176
1012  1  70
1013  3  187
1013  2  180
1013  4  199
1013  1  112
1014  3  190
1014  3  191
1014  2  177
1014  4  200
1014  1  164
1015  3  193
1015  3  194
1015  3  195
1015  2  171
1015  4  201
1015  1  165
1016  2  178
1016  4  200
1016  1  70
1017  2  183
1017  1  70
1018  2  185
1018  1  117
1019  2  173
1019  1  78
1020  3  188
1020  3  189
1020  3  190
1020  2  186
1020  1  131
1021  2  185
1021  1  19
1022  3  190
1022  3  191
1022  2  172
1022  4  200
1022  1  62
1023  3  195
1023  3  196
1023  2  170
1023  4  202
1023  1  35
1024  3  193
1024  3  194
1024  2  170
1024  4  201
1024  1  143
1025  2  178
1025  1  23
1026  2  173
1026  1  148
1027  2  185
1027  1  105
1028  2  184
1028  1  107
1029  3  193
1029  3  194
1029  2  170
1029  1  110
1030  3  190
1030  3  191
1030  3  192
1030  3  193
1030  3  194
1030  3  195
1030  3  196
1030  2  186
1030  1  65
1031  3  189
1031  3  190
1031  3  191
1031  2  183
1031  4  201
1031  1  162
1032  3  192
1032  3  193
1032  2  172
1032  4  201
1032  1  50
1033  3  190
1033  3  191
1033  2  184
1033  4  200
1033  1  12
1034  3  197
1034  2  176
1034  1  53
1035  3  187
1035  2  178
1035  4  200
1035  1  76
1036  2  170
1036  1  102
1037  2  170
1037  1  82
1038  2  184
1038  4  200
1038  1  127
1039  3  194
1039  3  195
1039  2  174
1039  4  202
1039  1  125
1040  3  188
1040  2  178
1040  4  200
1040  1  157
1041  2  185
1041  1  101
1042  2  172
1042  1  157
1043  3  188
1043  3  189
1043  2  184
1043  4  200
1043  1  157
1044  3  197
1044  2  185
1044  1  78
1045  2  171
1045  1  112
1046  3  188
1046  2  178
1046  4  200
1046  1  158
1047  3  192
1047  3  193
1047  2  170
1047  4  201
1047  1  168
1048  2  183
1048  1  72
1049  3  192
1049  2  170
1049  4  201
1049  1  125
1050  3  193
1050  3  194
1050  2  170
1050  4  201
1050  1  147
1051  2  180
1051  1  40
1052  3  188
1052  3  189
1052  3  190
1052  2  178
1052  4  200
1052  1  125
1053  2  183
1053  1  76
1054  2  171
1054  1  70
1055  3  188
1055  2  182
1055  1  92
1056  2  184
1056  1  76
1057  3  192
1057  2  184
1057  1  70
1058  2  183
1058  1  92
1059  2  185
1059  1  117
1060  3  190
1060  2  170
1060  4  200
1060  1  102
1061  2  170
1061  1  70
1062  3  188
1062  2  182
1062  1  112
1063  2  185
1063  1  117
1064  2  177
1064  1  70
1065  2  170
1065  1  70
1066  3  188
1066  2  182
1066  1  112
1067  3  189
1067  3  190
1067  3  191
1067  3  192
1067  2  170
1067  4  200
1067  1  119
1068  2  184
1068  1  123
1069  2  185
1069  1  85
1070  3  188
1070  3  189
1070  2  184
1070  4  200
1070  1  62
1071  2  185
1071  1  85
1072  2  174
1072  1  31
1073  2  173
1073  1  54
1074  3  187
1074  3  188
1074  2  177
1074  4  200
1074  1  22
1075  3  190
1075  3  191
1075  2  184
1075  4  200
1075  1  35
1076  2  180
1076  1  112
1077  3  189
1077  3  190
1077  2  184
1077  4  200
1077  1  31
1078  3  190
1078  3  191
1078  2  177
1078  4  200
1078  1  105
1079  3  187
1079  2  179
1079  1  22
1080  3  196
1080  3  197
1080  2  173
1080  4  202
1080  1  148
1081  3  190
1081  3  191
1081  3  192
1081  2  184
1081  4  200
1081  1  74
1082  3  189
1082  3  190
1082  2  183
1082  4  201
1082  1  55
1083  3  189
1083  3  190
1083  2  184
1083  4  201
1083  1  139
1084  3  189
1084  3  190
1084  2  182
1084  1  112
1085  2  183
1085  1  55
1086  2  178
1086  1  127
1087  3  191
1087  3  192
1087  3  193
1087  2  173
1087  4  202
1087  1  72
1088  3  188
1088  3  189
1088  3  190
1088  2  182
1088  1  169
1089  2  177
1089  4  200
1089  1  76
1090  3  188
1090  3  189
1090  2  177
1090  4  200
1090  1  72
1091  3  189
1091  3  190
1091  3  191
1091  2  183
1091  4  201
1091  1  72
1092  2  180
1092  1  119
1093  2  171
1093  1  96
1094  2  177
1094  1  101
1095  3  191
1095  3  192
1095  3  193
1095  2  172
1095  4  201
1095  1  105
1096  3  187
1096  2  178
1096  4  199
1096  1  71
1097  3  190
1097  3  191
1097  2  183
1097  4  201
1097  1  62
1098  2  171
1098  4  201
1098  1  33
1099  2  170
1099  1  110
1100  3  189
1100  3  190
1100  2  183
1100  4  201
1100  1  123
1101  3  190
1101  3  191
1101  3  192
1101  2  172
1101  4  201
1101  1  91
1102  2  176
1102  1  85
1103  2  184
1103  1  34
1104  3  187
1104  3  188
1104  2  181
1104  4  200
1104  1  39
1105  2  184
1105  1  102
1106  2  176
1106  1  134
1107  2  170
1107  1  107
1108  2  185
1108  1  146
1109  3  190
1109  3  191
1109  3  192
1109  2  183
1109  4  201
1109  1  147
1110  2  184
1110  4  200
1110  1  61
1111  3  190
1111  3  191
1111  2  171
1111  4  201
1111  1  70
1112  3  188
1112  3  189
1112  2  182
1112  4  201
1112  1  114
1113  2  171
1113  1  92
1114  3  188
1114  3  189
1114  2  177
1114  4  200
1114  1  52
1115  2  183
1115  1  70
1116  2  172
1116  4  201
1116  1  125
1117  2  173
1117  1  141
1118  2  171
1118  1  163
1119  2  174
1119  1  106
1120  3  187
1120  2  180
1120  4  199
1120  1  40
1121  3  195
1121  3  196
1121  3  197
1121  2  185
1121  1  146
1122  3  188
1122  2  184
1122  4  200
1122  1  70
1123  3  190
1123  3  191
1123  2  183
1123  4  201
1123  1  77
1124  2  172
1124  1  169
1125  2  178
1125  1  70
1126  3  190
1126  3  191
1126  2  183
1126  4  201
1126  1  72
1127  3  189
1127  3  190
1127  2  182
1127  1  92
1128  2  184
1128  1  106
1129  3  190
1129  3  191
1129  3  192
1129  2  184
1129  4  200
1129  1  74
1130  3  187
1130  3  188
1130  2  180
1130  4  199
1130  1  156
1131  2  176
1131  1  1
1132  2  183
1132  1  79
1133  3  189
1133  3  190
1133  3  191
1133  2  184
1133  4  200
1133  1  23
1134  3  188
1134  3  189
1134  2  178
1134  4  201
1134  1  12
1135  3  191
1135  3  192
1135  3  193
1135  2  183
1135  4  201
1135  1  74
1136  2  184
1136  1  105
1137  3  190
1137  2  171
1137  4  201
1137  1  92
1138  3  189
1138  3  190
1138  2  184
1138  4  200
1138  1  50
1139  3  190
1139  2  178
1139  4  201
1139  1  147
1140  2  184
1140  1  156
1141  3  190
1141  2  184
1141  4  200
1141  1  107
1142  3  187
1142  2  178
1142  4  199
1142  1  22
1143  3  187
1143  3  188
1143  2  178
1143  4  200
1143  1  22
1144  2  180
1144  1  128
1145  3  190
1145  3  191
1145  3  192
1145  2  177
1145  4  200
1145  1  101
1146  2  178
1146  1  70
1147  2  170
1147  1  164
1148  3  188
1148  3  189
1148  2  184
1148  4  200
1148  1  31
1149  2  178
1149  4  200
1149  1  40
1150  3  196
1150  2  185
1150  1  99
1151  3  190
1151  2  183
1151  4  201
1151  1  169
1152  3  187
1152  2  179
1152  1  112
1153  3  192
1153  3  193
1153  2  170
1153  4  201
1153  1  105
1154  3  192
1154  3  193
1154  2  171
1154  4  202
1154  1  23
1155  3  193
1155  3  194
1155  2  174
1155  4  201
1155  1  35
1156  3  197
1156  2  176
1156  1  161
1157  2  184
1157  1  22
1158  3  188
1158  3  189
1158  3  190
1158  2  172
1158  4  200
1158  1  119
1159  2  185
1159  1  160
1160  2  177
1160  1  70
1161  2  185
1161  1  161
1162  2  174
1162  1  49
1163  2  170
1163  1  70
1164  2  170
1164  1  152
1165  3  193
1165  3  194
1165  3  195
1165  2  174
1165  4  200
1165  1  165
1166  2  180
1166  1  166
1167  3  187
1167  2  178
1167  4  200
1167  1  70
1168  3  194
1168  3  195
1168  2  172
1168  4  201
1168  1  116
1169  3  194
1169  3  195
1169  2  171
1169  4  201
1169  1  145
1170  2  171
1170  1  116
1171  3  197
1171  2  185
1171  4  203
1171  1  117
1172  2  185
1172  4  202
1172  1  116
1173  3  187
1173  3  188
1173  2  184
1173  4  200
1173  1  110
1174  3  187
1174  2  178
1174  4  200
1174  1  70
1175  2  185
1175  1  149
1176  2  185
1176  1  117
1177  2  177
1177  1  100
1178  3  191
1178  2  178
1178  4  200
1178  1  156
1179  2  182
1179  1  23
1180  2  184
1180  1  125
1181  2  178
1181  1  23
1182  2  185
1182  1  46
1183  2  178
1183  4  200
1183  1  40
1184  3  193
1184  2  172
1184  1  147
1185  3  197
1185  2  185
1185  1  148
1186  3  191
1186  3  192
1186  3  193
1186  2  172
1186  4  201
1186  1  156
1187  2  184
1187  1  35
1188  2  184
1188  1  102
1189  2  178
1189  1  147
1190  3  188
1190  3  189
1190  3  190
1190  3  191
1190  2  172
1190  4  200
1190  1  34
1191  3  187
1191  2  181
1191  4  200
1191  1  93
1192  2  175
1192  1  96
1193  3  196
1193  3  197
1193  2  173
1193  4  202
1193  1  79
1194  3  197
1194  2  185
1194  1  117
1195  2  184
1195  1  105
1196  3  189
1196  3  190
1196  2  184
1196  4  200
1196  1  147
1197  3  197
1197  2  185
1197  1  53
1198  3  193
1198  2  172
1198  4  201
1198  1  105
1199  3  193
1199  2  185
1199  4  200
1199  1  105
1200  2  171
1200  4  202
1200  1  100
1201  2  184
1201  1  91
1202  3  191
1202  3  192
1202  3  193
1202  2  178
1202  4  201
1202  1  3
1203  3  197
1203  2  176
1203  4  203
1203  1  87
1204  2  184
1204  1  147
1205  3  196
1205  3  197
1205  2  185
1205  4  202
1205  1  43
1206  2  175
1206  4  203
1206  1  137
1207  2  180
1207  4  199
1207  1  110
1208  2  184
1208  4  200
1208  1  76
1209  3  188
1209  2  177
1209  4  201
1209  1  55
1210  3  190
1210  3  191
1210  2  182
1210  1  123
1211  2  170
1211  1  74
1212  2  184
1212  1  102
1213  2  170
1213  1  74
1214  3  191
1214  3  192
1214  3  193
1214  2  172
1214  4  201
1214  1  166
1215  2  185
1215  1  160
1216  2  180
1216  1  130
1217  2  178
1217  4  200
1217  1  163
1218  2  183
1218  1  69
1219  2  178
1219  4  200
1219  1  70
1220  2  170
1220  1  130
1221  2  180
1221  1  74
1222  2  170
1222  1  74
1223  3  188
1223  3  189
1223  2  177
1223  1  111
1224  2  185
1224  1  117
1225  2  185
1225  1  26
1226  3  190
1226  2  184
1226  4  200
1226  1  102
1227  2  178
1227  4  200
1227  1  76
1228  2  185
1228  1  49
1229  2  174
1229  1  134
1230  2  172
1230  4  201
1230  1  125
1231  2  172
1231  1  107
1232  3  193
1232  3  194
1232  3  195
1232  2  172
1232  4  201
1232  1  116
1233  2  185
1233  1  125
1234  3  195
1234  3  196
1234  2  182
1234  4  201
1234  1  151
1235  3  197
1235  2  176
1235  4  203
1235  1  78
1236  3  195
1236  3  196
1236  2  173
1236  4  201
1236  1  137
1237  3  196
1237  2  172
1237  4  202
1237  1  85
1238  2  183
1238  1  102
1239  2  178
1239  1  35
1240  3  191
1240  3  192
1240  3  193
1240  2  170
1240  4  201
1240  1  135
1241  2  180
1241  4  200
1241  1  70
1242  2  185
1242  1  74
1243  2  178
1243  4  200
1243  1  125
1244  3  188
1244  2  178
1244  4  200
1244  1  156
1245  3  189
1245  2  178
1245  4  200
1245  1  168
1246  2  184
1246  4  200
1246  1  76
1247  3  187
1247  2  181
1247  4  200
1247  1  73
1248  3  197
1248  2  185
1248  4  203
1248  1  102
1249  2  185
1249  1  166
1250  3  187
1250  2  181
1250  1  29
1251  2  178
1251  4  200
1251  1  107
1252  3  194
1252  2  170
1252  4  201
1252  1  102
1253  2  178
1253  4  200
1253  1  163
1254  2  174
1254  1  3
1255  3  195
1255  3  196
1255  2  171
1255  4  201
1255  1  85
1256  3  187
1256  3  188
1256  2  181
1256  4  200
1256  1  22
1257  2  174
1257  1  45
1258  2  185
1258  1  151
1259  2  174
1259  1  164
1260  3  190
1260  3  191
1260  2  184
1260  4  200
1260  1  74
1261  2  184
1261  4  200
1261  1  52
1262  2  178
1262  4  200
1262  1  22
1263  2  174
1263  1  151
1264  3  192
1264  3  193
1264  2  172
1264  1  125
1265  3  197
1265  2  173
1265  1  10
1266  2  184
1266  1  156
1267  3  187
1267  3  188
1267  2  178
1267  4  200
1267  1  70
1268  3  189
1268  3  190
1268  3  191
1268  2  184
1268  4  200
1268  1  102
1269  2  178
1269  4  200
1269  1  105
1270  3  196
1270  3  197
1270  2  174
1270  4  203
1270  1  124
1271  3  189
1271  3  190
1271  2  184
1271  4  200
1271  1  107
1272  2  176
1272  1  50
1273  3  191
1273  3  192
1273  3  193
1273  2  171
1273  4  202
1273  1  168
1274  3  190
1274  3  191
1274  2  183
1274  4  201
1274  1  12
1275  3  190
1275  3  191
1275  3  192
1275  3  193
1275  2  170
1275  4  201
1275  1  24
1276  2  171
1276  1  3
1277  3  194
1277  3  195
1277  2  171
1277  4  201
1277  1  10
1278  2  170
1278  1  112
1279  3  195
1279  3  196
1279  2  174
1279  4  201
1279  1  78
1280  2  170
1280  4  201
1280  1  76
1281  2  183
1281  1  147
1282  3  191
1282  3  192
1282  2  170
1282  4  201
1282  1  147
1283  2  178
1283  4  200
1283  1  147
1284  3  191
1284  3  192
1284  2  183
1284  4  201
1284  1  69
1285  2  185
1285  1  98
1286  2  170
1286  1  125
1287  3  190
1287  2  171
1287  4  201
1287  1  110
1288  3  188
1288  2  184
1288  4  200
1288  1  23
1289  2  185
1289  1  117
1290  2  183
1290  1  76
1291  2  184
1291  1  23
1292  3  193
1292  3  194
1292  2  183
1292  4  200
1292  1  78
1293  2  185
1293  1  50
1294  2  180
1294  1  166
1295  2  176
1295  1  50
1296  3  189
1296  3  190
1296  2  183
1296  4  201
1296  1  119
1297  2  171
1297  1  72
1298  3  190
1298  3  191
1298  2  172
1298  4  201
1298  1  125
1299  2  184
1299  4  200
1299  1  61
1300  2  184
1300  1  76
1301  2  184
1301  4  200
1301  1  61
1302  3  197
1302  2  175
1302  4  202
1302  1  49
1303  2  184
1303  4  201
1303  1  116
1304  2  174
1304  1  108
1305  2  178
1305  1  140
1306  3  189
1306  3  190
1306  2  172
1306  4  201
1306  1  77
1307  3  197
1307  2  175
1307  4  203
1307  1  78
1308  2  170
1308  4  200
1308  1  162
1309  3  188
1309  3  189
1309  3  190
1309  2  184
1309  4  200
1309  1  91
1310  3  195
1310  3  196
1310  2  170
1310  4  202
1310  1  78
1311  3  187
1311  3  188
1311  3  189
1311  3  190
1311  2  178
1311  4  200
1311  1  52
1312  3  188
1312  3  189
1312  2  177
1312  4  200
1312  1  22
1313  3  188
1313  3  189
1313  2  177
1313  4  200
1313  1  112
1314  3  190
1314  3  191
1314  2  186
1314  1  131
1315  2  172
1315  1  27
1316  3  189
1316  3  190
1316  2  177
1316  1  111
1317  3  188
1317  2  181
1317  4  200
1317  1  27
1318  3  188
1318  3  189
1318  3  190
1318  2  184
1318  4  200
1318  1  119
1319  3  190
1319  2  184
1319  4  200
1319  1  105
1320  3  194
1320  2  172
1320  4  201
1320  1  79
1321  2  178
1321  1  112
1322  3  195
1322  2  174
1322  4  201
1322  1  79
1323  3  188
1323  2  184
1323  4  200
1323  1  52
1324  3  192
1324  3  193
1324  2  170
1324  4  200
1324  1  164
1325  3  188
1325  2  184
1325  4  200
1325  1  70
1326  2  170
1326  4  200
1326  1  102
1327  2  178
1327  4  200
1327  1  164
1328  3  188
1328  3  189
1328  2  183
1328  4  201
1328  1  62
1329  2  180
1329  4  200
1329  1  76
1330  2  172
1330  4  201
1330  1  145
1331  2  185
1331  1  41
1332  3  191
1332  3  192
1332  2  186
1332  1  159
1333  3  196
1333  3  197
1333  2  173
1333  4  202
1333  1  137
1334  3  194
1334  3  195
1334  2  171
1334  4  201
1334  1  137
1335  3  194
1335  3  195
1335  2  174
1335  4  202
1335  1  137
1336  2  184
1336  1  164
1337  2  172
1337  1  168
1338  2  184
1338  1  73
1339  3  191
1339  3  192
1339  3  193
1339  2  172
1339  4  201
1339  1  127
1340  3  190
1340  3  191
1340  2  172
1340  4  201
1340  1  23
1341  2  185
1341  1  98
1342  2  180
1342  4  200
1342  1  158
1343  3  192
1343  3  193
1343  2  171
1343  4  200
1343  1  69
1344  3  191
1344  3  192
1344  3  193
1344  2  183
1344  4  201
1344  1  23
1345  2  174
1345  4  202
1345  1  45
1346  2  174
1346  4  202
1346  1  49
1347  2  185
1347  1  110
1348  2  185
1348  4  201
1348  1  34
1349  2  180
1349  4  200
1349  1  157
1350  2  178
1350  4  200
1350  1  157
1351  2  178
1351  4  200
1351  1  157
1352  2  184
1352  4  201
1352  1  116
1353  3  191
1353  3  192
1353  3  193
1353  2  172
1353  4  201
1353  1  74
1354  3  191
1354  3  192
1354  2  170
1354  4  201
1354  1  130
1355  2  178
1355  1  107
1356  3  190
1356  2  183
1356  4  201
1356  1  71
1357  2  183
1357  1  69
1358  2  177
1358  1  69
1359  2  175
1359  1  78
1360  2  171
1360  1  84
1361  2  185
1361  1  102
1362  3  187
1362  3  188
1362  2  181
1362  4  200
1362  1  56
1363  2  174
1363  1  43
1364  2  174
1364  1  78
1365  2  185
1365  1  89
1366  2  170
1366  1  108
1367  2  177
1367  1  158
1368  3  188
1368  2  170
1368  4  200
1368  1  29
1369  3  188
1369  2  177
1369  1  103
1370  3  188
1370  3  189
1370  2  178
1370  4  200
1370  1  163
1371  3  188
1371  2  182
1371  1  22
1372  3  189
1372  2  182
1372  4  200
1372  1  38
1373  2  185
1373  1  20
1374  3  187
1374  2  181
1374  4  200
1374  1  154
1375  3  187
1375  3  188
1375  2  181
1375  4  200
1375  1  159
1376  2  184
1376  1  135
1377  3  190
1377  3  191
1377  3  192
1377  3  193
1377  3  194
1377  2  186
1377  4  200
1377  1  24
1378  2  178
1378  1  102
1379  3  194
1379  3  195
1379  2  186
1379  1  35
1380  2  185
1380  1  35
1381  3  188
1381  2  181
1381  1  159
1382  3  187
1382  2  181
1382  4  200
1382  1  159
1383  3  194
1383  3  195
1383  3  196
1383  2  173
1383  4  201
1383  1  165
1384  3  187
1384  2  181
1384  1  159
1385  2  174
1385  1  35
1386  3  188
1386  2  182
1386  1  33
1387  2  185
1387  1  67
1388  2  176
1388  1  67
1389  2  175
1389  1  67
1390  3  191
1390  3  192
1390  2  183
1390  4  201
1390  1  107
1391  2  185
1391  1  35
1392  2  176
1392  1  165
1393  3  189
1393  3  190
1393  2  177
1393  4  200
1393  1  72
1394  2  172
1394  1  102
1395  2  183
1395  1  4
1396  2  184
1396  1  125
1397  2  185
1397  1  165
1398  2  177
1398  1  130
1399  2  170
1399  1  91
1400  2  184
1400  1  91
1401  2  172
1401  1  49
1402  2  183
1402  1  147
1403  2  184
1403  1  151
1404  3  187
1404  2  181
1404  1  154
1405  2  185
1405  1  127
1406  3  187
1406  3  188
1406  2  170
1406  1  121
1407  2  177
1407  1  112
1408  2  184
1408  1  3
1409  2  184
1409  1  74
1410  2  185
1410  1  163
1411  2  184
1411  1  85
1412  2  182
1412  1  21
1413  2  185
1413  1  168
1414  2  184
1414  1  35
1415  3  193
1415  2  184
1415  4  200
1415  1  145
1416  2  185
1416  1  145
1417  2  185
1417  1  163
1418  2  172
1418  4  201
1418  1  125
1419  2  172
1419  1  127
1420  3  192
1420  3  193
1420  2  184
1420  1  138
1421  3  188
1421  2  181
1421  1  131
1422  3  188
1422  2  182
1422  1  155
1423  3  188
1423  2  177
1423  4  200
1423  1  33
1424  3  187
1424  2  181
1424  1  97
1425  3  187
1425  2  181
1425  4  200
1425  1  97
1426  2  180
1426  1  102
1427  3  187
1427  3  188
1427  2  181
1427  1  29
1428  3  188
1428  2  182
1428  1  157
1429  2  176
1429  1  125
1430  3  191
1430  2  178
1430  1  105
1431  3  197
1431  2  176
1431  1  87
1432  2  185
1432  1  78
1433  2  184
1433  1  102
1434  3  197
1434  2  185
1434  4  203
1434  1  124
1435  3  193
1435  3  194
1435  2  185
1435  4  201
1435  1  13
1436  3  188
1436  2  182
1436  1  97
1437  3  193
1437  2  172
1437  4  201
1437  1  74
1438  3  188
1438  3  189
1438  2  182
1438  1  155
1439  2  184
1439  1  74
1440  2  185
1440  1  85
1441  3  191
1441  2  184
1441  4  201
1441  1  166
1442  2  170
1442  4  201
1442  1  82
1443  2  178
1443  1  115
1444  2  185
1444  1  13
1445  3  187
1445  2  181
1445  4  200
1445  1  159
1446  3  188
1446  3  189
1446  2  182
1446  1  155
1447  3  196
1447  3  197
1447  2  173
1447  1  122
1448  3  189
1448  3  190
1448  2  183
1448  1  66
1449  3  197
1449  2  185
1449  1  11
1450  2  185
1450  1  5
1451  2  170
1451  1  130
1452  3  188
1452  2  170
1452  4  200
1452  1  22
1453  3  197
1453  2  185
1453  1  78
1454  3  193
1454  3  194
1454  2  171
1454  4  202
1454  1  130
1455  3  193
1455  2  172
1455  1  74
1456  2  184
1456  1  35
1457  2  183
1457  1  105
1458  2  184
1458  1  147
1459  3  188
1459  3  189
1459  3  190
1459  2  177
1459  4  200
1459  1  34
1460  2  180
1460  1  88
1461  3  197
1461  2  185
1461  4  203
1461  1  117
1462  3  195
1462  3  196
1462  2  174
1462  4  202
1462  1  147
1463  2  185
1463  1  102
1464  2  185
1464  1  137
1465  3  187
1465  2  181
1465  4  200
1465  1  159
1466  3  192
1466  3  193
1466  3  194
1466  2  184
1466  4  201
1466  1  116
1467  2  182
1467  1  23
1468  3  188
1468  3  189
1468  3  190
1468  2  184
1468  4  200
1468  1  91
1469  2  170
1469  1  130
1470  2  178
1470  1  13
1471  3  194
1471  3  195
1471  2  171
1471  4  202
1471  1  148
1472  3  188
1472  3  189
1472  2  182
1472  4  200
1472  1  118
1473  2  185
1473  1  89
1474  2  170
1474  1  130
1475  3  197
1475  2  176
1475  4  203
1475  1  161
1476  2  180
1476  1  107
1477  2  178
1477  1  74
1478  2  184
1478  1  79
1479  2  180
1479  1  40
1480  3  188
1480  2  184
1480  4  200
1480  1  110
1481  3  188
1481  3  189
1481  2  184
1481  4  200
1481  1  139
1482  3  189
1482  3  190
1482  2  184
1482  4  200
1482  1  156
1483  2  173
1483  1  35
1484  2  185
1484  1  107
1485  2  177
1485  1  168
1486  3  194
1486  2  170
1486  4  202
1486  1  45
1487  2  178
1487  1  125
1488  3  193
1488  2  172
1488  1  58
1489  3  191
1489  3  192
1489  2  177
1489  4  200
1489  1  137
1490  2  180
1490  1  107
1491  2  182
1491  1  102
1492  2  172
1492  1  168
1493  3  191
1493  3  192
1493  2  178
1493  1  58
1494  3  194
1494  2  178
1494  4  201
1494  1  13
1495  2  175
1495  1  151
1496  3  197
1496  2  173
1496  1  87
1497  2  184
1497  1  143
1498  2  185
1498  1  102
1499  2  170
1499  4  201
1499  1  157
1500  2  172
1500  1  102
1501  2  183
1501  1  23
1502  2  185
1502  1  35
1503  2  172
1503  1  105
1504  2  178
1504  1  125
1505  2  180
1505  1  164
1506  2  180
1506  1  35
1507  2  177
1507  4  200
1507  1  152
1508  2  180
1508  1  164
1509  2  185
1509  1  148
1510  2  185
1510  1  79
1511  3  192
1511  2  186
1511  1  155
1512  2  185
1512  1  98
1513  3  189
1513  3  190
1513  2  184
1513  4  200
1513  1  12
1514  2  177
1514  1  107
1515  2  177
1515  1  69
1516  2  185
1516  1  46
1517  3  189
1517  3  190
1517  2  182
1517  4  200
1517  1  112
1518  2  184
1518  1  125
1519  3  190
1519  3  191
1519  2  183
1519  4  201
1519  1  69
1520  3  188
1520  2  177
1520  4  200
1520  1  112
1521  2  170
1521  1  35
1522  2  184
1522  4  200
1522  1  110
1523  2  184
1523  1  100
1524  2  183
1524  4  200
1524  1  169
1525  3  188
1525  3  189
1525  2  171
1525  4  200
1525  1  169
1526  2  172
1526  1  35
1527  2  178
1527  1  168
1528  2  170
1528  1  100
1529  3  190
1529  3  191
1529  2  182
1529  4  200
1529  1  38
1530  2  170
1530  1  45
1531  3  187
1531  2  180
1531  4  200
1531  1  40
1532  3  190
1532  3  191
1532  2  171
1532  4  200
1532  1  113
1533  2  170
1533  1  151
1534  3  187
1534  3  188
1534  3  189
1534  2  178
1534  4  200
1534  1  59
1535  2  183
1535  1  164
1536  2  184
1536  1  156
1537  3  188
1537  3  189
1537  3  190
1537  3  191
1537  3  192
1537  2  184
1537  4  200
1537  1  70
1538  2  172
1538  1  45
1539  3  188
1539  3  189
1539  3  190
1539  2  170
1539  4  200
1539  1  28
1540  2  185
1540  1  148
1541  2  175
1541  1  7
1542  3  192
1542  3  193
1542  2  171
1542  4  201
1542  1  50
1543  3  193
1543  3  194
1543  2  172
1543  4  201
1543  1  137
1544  2  171
1544  1  7
1545  2  171
1545  1  102
1546  3  197
1546  2  185
1546  1  81
1547  3  190
1547  3  191
1547  3  192
1547  2  183
1547  4  201
1547  1  91
1548  3  188
1548  3  189
1548  2  184
1548  4  200
1548  1  156
1549  3  193
1549  3  194
1549  2  177
1549  4  202
1549  1  13
1550  2  185
1550  1  43
1551  3  188
1551  2  186
1551  4  201
1551  1  39
1552  3  190
1552  3  191
1552  2  170
1552  4  200
1552  1  35
1553  3  190
1553  3  191
1553  2  171
1553  4  201
1553  1  123
1554  3  188
1554  3  189
1554  2  184
1554  4  200
1554  1  86
1555  2  171
1555  4  201
1555  1  123
1556  3  195
1556  2  171
1556  4  202
1556  1  148
1557  2  172
1557  1  35
1558  2  182
1558  1  38
1559  3  197
1559  2  175
1559  4  203
1559  1  35
1560  3  188
1560  2  177
1560  4  201
1560  1  55
1561  2  185
1561  1  17
1562  3  189
1562  3  190
1562  2  182
1562  4  200
1562  1  157
1563  3  197
1563  2  175
1563  1  137
1564  2  177
1564  1  156
1565  2  177
1565  1  163
1566  2  178
1566  4  200
1566  1  54
1567  3  190
1567  3  191
1567  2  177
1567  4  200
1567  1  105
1568  3  187
1568  3  188
1568  2  178
1568  4  200
1568  1  48
1569  2  183
1569  1  48
1570  2  174
1570  4  202
1570  1  49
1571  2  183
1571  1  125
1572  3  188
1572  3  189
1572  2  178
1572  4  200
1572  1  126
1573  2  173
1573  1  130
1574  3  191
1574  3  192
1574  2  172
1574  4  201
1574  1  147
1575  3  191
1575  3  192
1575  3  193
1575  2  171
1575  4  200
1575  1  38
1576  2  185
1576  1  70
1577  3  191
1577  2  180
1577  1  40
1578  2  183
1578  1  125
1579  3  192
1579  2  185
1579  1  35
1580  3  188
1580  3  189
1580  2  178
1580  4  200
1580  1  156
1581  3  194
1581  2  183
1581  4  201
1581  1  79
1582  3  197
1582  2  185
1582  1  90
1583  2  184
1583  1  3
1584  3  192
1584  3  193
1584  3  194
1584  2  171
1584  4  202
1584  1  140
1585  3  197
1585  2  185
1585  1  117
1586  3  193
1586  3  194
1586  2  171
1586  4  202
1586  1  137
1587  2  177
1587  1  145
1588  3  197
1588  2  176
1588  1  134
1589  3  196
1589  3  197
1589  2  170
1589  1  7
1590  2  184
1590  1  116
1591  3  190
1591  3  191
1591  2  184
1591  4  200
1591  1  50
1592  2  184
1592  1  104
1593  3  190
1593  3  191
1593  3  192
1593  2  172
1593  4  201
1593  1  70
1594  3  194
1594  3  195
1594  2  170
1594  4  202
1594  1  35
1595  2  183
1595  1  130
1596  3  193
1596  2  183
1596  4  201
1596  1  156
1597  3  190
1597  3  191
1597  2  184
1597  4  200
1597  1  105
1598  3  191
1598  3  192
1598  2  184
1598  4  201
1598  1  125
1599  3  188
1599  3  189
1599  3  190
1599  2  183
1599  4  200
1599  1  162
1600  3  190
1600  3  191
1600  2  184
1600  4  200
1600  1  74
1601  2  172
1601  1  50
1602  2  178
1602  1  163
1603  3  193
1603  2  170
1603  4  200
1603  1  147
1604  2  185
1604  1  41
1605  3  187
1605  3  188
1605  2  178
1605  4  200
1605  1  48
1606  2  172
1606  1  130
1607  2  173
1607  4  203
1607  1  10
1608  3  190
1608  3  191
1608  2  184
1608  4  200
1608  1  107
1609  3  192
1609  3  193
1609  2  183
1609  4  201
1609  1  10
1610  3  188
1610  3  189
1610  3  190
1610  2  183
1610  4  201
1610  1  70
1611  2  178
1611  4  200
1611  1  35
1612  2  180
1612  4  199
1612  1  68
1613  3  190
1613  3  191
1613  2  177
1613  4  200
1613  1  156
1614  2  174
1614  4  201
1614  1  79
1615  2  180
1615  1  13
1616  2  185
1616  1  161
1617  2  178
1617  1  147
1618  2  171
1618  1  158
1619  2  180
1619  1  21
1620  2  184
1620  1  158
1621  2  172
1621  1  125
1622  2  180
1622  1  142
1623  2  184
1623  1  137
1624  2  185
1624  1  98
1625  3  191
1625  2  180
1625  1  31
1626  2  178
1626  1  102
1627  2  178
1627  1  35
1628  2  173
1628  4  203
1628  1  125
1629  3  197
1629  2  185
1629  4  203
1629  1  79
1630  2  180
1630  1  125
1631  3  190
1631  3  191
1631  2  177
1631  4  200
1631  1  166
1632  2  180
1632  4  200
1632  1  76
1633  2  180
1633  1  71
1634  2  170
1634  1  74
1635  2  185
1635  1  85
1636  2  185
1636  1  102
1637  3  195
1637  2  171
1637  4  202
1637  1  35
1638  2  184
1638  1  130
1639  2  184
1639  4  200
1639  1  110
1640  3  192
1640  3  193
1640  2  170
1640  4  201
1640  1  69
1641  2  170
1641  1  93
1642  2  178
1642  4  200
1642  1  76
1643  3  189
1643  3  190
1643  3  191
1643  2  184
1643  4  200
1643  1  101
1644  3  187
1644  3  188
1644  2  170
1644  4  200
1644  1  92
1645  2  184
1645  1  101
1646  3  192
1646  3  193
1646  2  171
1646  4  201
1646  1  69
1647  3  189
1647  3  190
1647  2  184
1647  4  200
1647  1  23
1648  2  183
1648  1  168
1649  2  170
1649  1  100
1650  2  170
1650  1  130
1651  2  183
1651  1  143
1652  3  188
1652  3  189
1652  3  190
1652  2  183
1652  4  200
1652  1  32
1653  2  170
1653  4  201
1653  1  158
1654  3  195
1654  3  196
1654  2  173
1654  4  201
1654  1  10
1655  3  189
1655  3  190
1655  2  178
1655  4  200
1655  1  102
1656  3  188
1656  3  189
1656  3  190
1656  2  178
1656  4  200
1656  1  35
1657  2  170
1657  1  74
1658  2  184
1658  4  200
1658  1  34
1659  2  184
1659  1  64
1660  3  196
1660  2  173
1660  4  201
1660  1  145
1661  3  197
1661  2  185
1661  4  203
1661  1  46
1662  3  188
1662  3  189
1662  2  183
1662  1  123
1663  2  174
1663  4  202
1663  1  50
1664  3  190
1664  3  191
1664  2  184
1664  4  200
1664  1  35
1665  2  184
1665  4  201
1665  1  119
1666  3  191
1666  3  192
1666  3  193
1666  2  172
1666  4  200
1666  1  74
1667  3  188
1667  3  189
1667  2  184
1667  4  200
1667  1  156
1668  3  190
1668  3  191
1668  3  192
1668  2  171
1668  4  202
1668  1  138
1669  3  194
1669  2  170
1669  1  135
1670  3  192
1670  3  193
1670  2  171
1670  4  202
1670  1  135
1671  3  188
1671  3  189
1671  3  190
1671  2  183
1671  4  200
1671  1  34
1672  2  185
1672  4  203
1672  1  149
1673  2  184
1673  4  200
1673  1  76
1674  2  172
1674  4  201
1674  1  12
1675  3  189
1675  3  190
1675  2  184
1675  4  200
1675  1  12
1676  2  185
1676  4  200
1676  1  12
1677  2  185
1677  1  46
1678  3  187
1678  2  181
1678  4  200
1678  1  154
1679  2  185
1679  1  160
1680  2  177
1680  4  200
1680  1  157
1681  2  170
1681  4  201
1681  1  157
1682  3  189
1682  3  190
1682  3  191
1682  2  184
1682  4  201
1682  1  138
1683  3  194
1683  3  195
1683  2  172
1683  4  201
1683  1  79
1684  3  194
1684  2  172
1684  4  201
1684  1  74
1685  2  185
1685  1  50
1686  2  170
1686  1  45
1687  3  187
1687  3  188
1687  2  181
1687  4  200
1687  1  93
1688  3  187
1688  2  179
1688  4  200
1688  1  159
1689  3  191
1689  3  192
1689  2  172
1689  4  200
1689  1  168
1690  3  190
1690  3  191
1690  2  171
1690  4  201
1690  1  123
1691  2  172
1691  4  200
1691  1  110
1692  2  184
1692  1  140
1693  3  188
1693  3  189
1693  3  190
1693  3  191
1693  2  182
1693  4  202
1693  1  118
1694  2  178
1694  1  140
1695  2  175
1695  1  9
1696  2  184
1696  1  140
1697  2  170
1697  4  200
1697  1  75
1698  2  171
1698  1  163
1699  2  185
1699  1  85
1700  3  191
1700  3  192
1700  3  193
1700  2  172
1700  4  201
1700  1  107
1701  2  171
1701  1  35
1702  3  193
1702  3  194
1702  2  171
1702  4  201
1702  1  125
1703  3  187
1703  2  181
1703  4  200
1703  1  119
1704  3  194
1704  3  195
1704  3  196
1704  3  197
1704  2  173
1704  4  203
1704  1  35
1705  3  197
1705  2  185
1705  4  203
1705  1  124
1706  2  183
1706  1  157
1707  3  188
1707  2  184
1707  4  200
1707  1  32
1708  3  189
1708  2  178
1708  1  12
1709  3  193
1709  3  194
1709  3  195
1709  2  172
1709  4  201
1709  1  116
1710  2  172
1710  4  202
1710  1  134
1711  3  188
1711  2  184
1711  4  200
1711  1  76
1712  3  194
1712  2  183
1712  4  201
1712  1  74
1713  2  177
1713  4  200
1713  1  40
1714  2  172
1714  1  105
1715  3  191
1715  3  192
1715  3  193
1715  2  184
1715  4  200
1715  1  79
1716  3  194
1716  2  178
1716  4  201
1716  1  13
1717  2  171
1717  1  148
1718  2  184
1718  1  137
1719  3  191
1719  2  172
1719  4  201
1719  1  130
1720  2  171
1720  1  148
1721  3  191
1721  3  192
1721  3  193
1721  2  172
1721  4  200
1721  1  101
1722  2  175
1722  1  28
1723  3  190
1723  3  191
1723  2  183
1723  4  200
1723  1  28
1724  3  190
1724  3  191
1724  2  170
1724  4  201
1724  1  28
1725  3  190
1725  3  191
1725  3  192
1725  2  183
1725  4  200
1725  1  102
1726  3  190
1726  2  183
1726  4  201
1726  1  147
1727  2  172
1727  4  201
1727  1  45
1728  2  174
1728  1  49
1729  2  172
1729  4  201
1729  1  112
1730  2  170
1730  1  123
1731  3  190
1731  3  191
1731  2  171
1731  1  123
1732  3  194
1732  2  177
1732  1  13
1733  3  194
1733  2  185
1733  4  201
1733  1  13
1734  3  196
1734  3  197
1734  2  172
1734  4  202
1734  1  85
1735  3  190
1735  3  191
1735  2  177
1735  4  200
1735  1  156
1736  2  184
1736  4  200
1736  1  61
1737  2  171
1737  1  130
1738  3  194
1738  2  177
1738  1  13
1739  2  178
1739  4  200
1739  1  162
1740  2  183
1740  4  201
1740  1  112
1741  2  185
1741  1  151
1742  2  170
1742  1  151
1743  2  183
1743  4  201
1743  1  151
1744  2  172
1744  1  151
1745  2  172
1745  4  201
1745  1  130
1746  3  191
1746  2  170
1746  4  201
1746  1  168
1747  3  194
1747  2  178
1747  1  13
1748  3  187
1748  2  180
1748  4  200
1748  1  110
1749  3  191
1749  3  192
1749  2  186
1749  1  24
1750  3  187
1750  3  188
1750  2  181
1750  4  200
1750  1  56
1751  2  185
1751  1  49
1752  2  183
1752  1  147
1753  3  190
1753  3  191
1753  2  184
1753  4  200
1753  1  74
1754  2  185
1754  1  116
1755  3  194
1755  2  173
1755  4  202
1755  1  23
1756  3  189
1756  3  190
1756  3  191
1756  2  183
1756  4  201
1756  1  76
1757  2  174
1757  4  201
1757  1  137
1758  2  185
1758  1  161
1759  2  185
1759  1  108
1760  2  184
1760  4  201
1760  1  139
1761  2  184
1761  1  168
1762  3  187
1762  2  178
1762  4  199
1762  1  22
1763  3  194
1763  3  195
1763  2  171
1763  4  201
1763  1  116
1764  3  189
1764  3  190
1764  2  184
1764  4  200
1764  1  125
1765  3  194
1765  3  195
1765  3  196
1765  2  185
1765  4  202
1765  1  130
1766  2  176
1766  4  202
1766  1  106
1767  3  196
1767  3  197
1767  2  173
1767  4  203
1767  1  85
1768  2  178
1768  4  199
1768  1  22
1769  3  193
1769  3  194
1769  3  195
1769  2  172
1769  4  201
1769  1  78
1770  3  195
1770  3  196
1770  2  174
1770  4  201
1770  1  98
1771  2  178
1771  4  200
1771  1  22
1772  3  194
1772  3  195
1772  2  170
1772  4  201
1772  1  35
1773  3  189
1773  3  190
1773  2  184
1773  4  200
1773  1  35
1774  2  184
1774  4  200
1774  1  158
1775  3  194
1775  2  173
1775  4  203
1775  1  147
1776  3  195
1776  2  173
1776  4  202
1776  1  50
1777  3  195
1777  2  171
1777  4  202
1777  1  79
1778  2  174
1778  4  202
1778  1  125
1779  3  191
1779  3  192
1779  3  193
1779  2  172
1779  4  200
1779  1  35
1780  3  188
1780  3  189
1780  3  190
1780  2  178
1780  4  200
1780  1  35
1781  2  171
1781  4  202
1781  1  78
1782  3  196
1782  2  173
1782  4  202
1782  1  165
1783  3  188
1783  3  189
1783  3  190
1783  3  191
1783  3  192
1783  2  184
1783  4  200
1783  1  52
1784  3  187
1784  3  188
1784  2  178
1784  4  200
1784  1  52
1785  2  185
1785  1  26
1786  3  191
1786  3  192
1786  3  193
1786  2  172
1786  4  201
1786  1  130
1787  3  194
1787  3  195
1787  2  171
1787  4  202
1787  1  10
1788  2  173
1788  4  203
1788  1  137
1789  2  184
1789  4  200
1789  1  27
1790  2  171
1790  1  125
1791  2  170
1791  1  23
1792  3  190
1792  3  191
1792  3  192
1792  3  193
1792  2  172
1792  4  201
1792  1  34
1793  2  172
1793  1  125
1794  3  187
1794  3  188
1794  2  178
1794  4  200
1794  1  70
1795  2  178
1795  4  200
1795  1  70
1796  3  190
1796  3  191
1796  2  184
1796  4  200
1796  1  105
1797  2  185
1797  1  70
1798  2  171
1798  4  200
1798  1  69
1799  3  194
1799  3  195
1799  2  176
1799  1  69
1800  2  178
1800  4  200
1800  1  147
1801  2  178
1801  4  200
1801  1  74
1802  3  188
1802  3  189
1802  3  190
1802  2  178
1802  4  200
1802  1  74
1803  3  196
1803  3  197
1803  2  176
1803  4  202
1803  1  79
1804  3  195
1804  2  185
1804  4  200
1804  1  79
1805  2  172
1805  4  200
1805  1  74
1806  3  196
1806  3  197
1806  2  176
1806  4  202
1806  1  85
1807  3  187
1807  2  180
1807  4  199
1807  1  86
1808  3  196
1808  3  197
1808  2  173
1808  4  202
1808  1  85
1809  3  195
1809  3  196
1809  2  185
1809  4  201
1809  1  85
1810  3  197
1810  2  185
1810  4  203
1810  1  43
1811  3  188
1811  2  178
1811  4  200
1811  1  163
1812  3  191
1812  3  192
1812  3  193
1812  2  172
1812  4  201
1812  1  50
1813  3  192
1813  3  193
1813  3  194
1813  2  170
1813  4  202
1813  1  50
1814  3  196
1814  3  197
1814  2  185
1814  4  202
1814  1  43
1815  2  177
1815  4  200
1815  1  35
1816  3  196
1816  3  197
1816  2  173
1816  4  202
1816  1  43
1817  2  185
1817  1  46
1818  2  174
1818  1  116
1819  3  195
1819  3  196
1819  3  197
1819  2  173
1819  4  201
1819  1  116
1820  3  196
1820  3  197
1820  2  176
1820  4  202
1820  1  98
1821  2  172
1821  1  160
1822  2  172
1822  4  202
1822  1  108
1823  2  178
1823  4  201
1823  1  107
1824  2  172
1824  1  107
1825  2  174
1825  1  107
1826  2  172
1826  4  201
1826  1  166
1827  2  185
1827  1  124
1828  2  170
1828  1  78
1829  2  184
1829  4  200
1829  1  61
1830  3  193
1830  3  194
1830  2  184
1830  1  166
1831  3  194
1831  3  195
1831  3  196
1831  2  174
1831  4  201
1831  1  78
1832  2  183
1832  1  102
1833  2  170
1833  4  201
1833  1  166
1834  2  185
1834  1  105
1835  2  185
1835  1  124
1836  2  180
1836  1  156
1837  2  182
1837  1  130
1838  2  178
1838  1  166
1839  2  170
1839  1  4
1840  3  187
1840  2  181
1840  4  200
1840  1  154
1841  3  197
1841  2  174
1841  1  78
1842  2  174
1842  1  78
1843  3  196
1843  3  197
1843  2  172
1843  4  203
1843  1  78
1844  3  188
1844  2  178
1844  4  199
1844  1  22
1845  2  182
1845  1  35
1846  2  185
1846  1  78
1847  3  197
1847  2  173
1847  4  203
1847  1  78
1848  3  197
1848  2  173
1848  4  203
1848  1  78
1849  2  185
1849  1  78
1850  3  197
1850  2  185
1850  1  78
1851  3  197
1851  2  173
1851  4  203
1851  1  85
1852  3  197
1852  2  173
1852  1  85
1853  3  197
1853  2  174
1853  4  202
1853  1  85
1854  3  197
1854  2  174
1854  4  203
1854  1  85
1855  2  185
1855  4  201
1855  1  85
1856  3  197
1856  2  172
1856  4  203
1856  1  79
1857  3  195
1857  3  196
1857  2  172
1857  4  202
1857  1  79
1858  2  172
1858  1  79
1859  2  172
1859  1  79
1860  2  184
1860  1  79
1861  3  194
1861  2  184
1861  4  201
1861  1  79
1862  3  197
1862  2  176
1862  4  202
1862  1  79
1863  3  197
1863  2  174
1863  4  203
1863  1  79
1864  2  174
1864  1  79
1865  3  196
1865  3  197
1865  2  174
1865  4  203
1865  1  79
1866  3  193
1866  2  186
1866  1  83
1867  3  187
1867  3  188
1867  2  181
1867  4  202
1867  1  29
1868  3  191
1868  3  192
1868  3  193
1868  2  172
1868  4  201
1868  1  138
1869  2  183
1869  4  200
1869  1  32
1870  2  185
1870  1  79
1871  3  195
1871  3  196
1871  2  185
1871  4  201
1871  1  79
1872  2  172
1872  1  137
1873  3  196
1873  3  197
1873  2  174
1873  1  145
1874  2  172
1874  1  163
1875  2  183
1875  1  79
1876  3  188
1876  3  189
1876  2  182
1876  1  95
1877  3  188
1877  2  182
1877  1  95
1878  2  185
1878  1  164
1879  3  189
1879  3  190
1879  2  183
1879  4  201
1879  1  112
1880  3  189
1880  3  190
1880  2  184
1880  4  200
1880  1  94
1881  2  185
1881  1  21
1882  2  177
1882  1  69
1883  2  177
1883  1  69
1884  3  192
1884  3  193
1884  2  170
1884  1  63
1885  2  183
1885  1  76
1886  2  177
1886  1  12
1887  2  177
1887  1  105
1888  3  192
1888  3  193
1888  3  194
1888  2  174
1888  4  201
1888  1  134
1889  3  188
1889  3  189
1889  2  178
1889  4  200
1889  1  34
1890  3  190
1890  3  191
1890  3  192
1890  2  183
1890  4  200
1890  1  23
1891  3  192
1891  3  193
1891  3  194
1891  2  171
1891  4  202
1891  1  130
1892  3  190
1892  3  191
1892  2  184
1892  4  200
1892  1  140
1893  2  183
1893  1  107
1894  3  194
1894  2  186
1894  1  125
1895  3  190
1895  3  191
1895  2  172
1895  4  201
1895  1  119
1896  3  193
1896  3  194
1896  2  174
1896  1  166
1897  2  184
1897  1  166
1898  3  190
1898  2  184
1898  4  200
1898  1  125
1899  2  177
1899  1  35
1900  2  185
1900  1  112
1901  2  185
1901  1  78
1902  3  192
1902  2  184
1902  1  110
1903  3  189
1903  3  190
1903  2  183
1903  4  200
1903  1  71
1904  2  176
1904  1  137
1905  2  182
1905  1  74
1906  3  188
1906  3  189
1906  3  190
1906  2  184
1906  4  200
1906  1  27
1907  2  184
1907  1  139
1908  3  187
1908  3  188
1908  2  178
1908  4  200
1908  1  22
1909  3  192
1909  2  180
1909  1  138
1910  3  188
1910  3  189
1910  2  177
1910  4  200
1910  1  158
1911  2  177
1911  1  140
1912  2  185
1912  1  46
1913  3  188
1913  3  189
1913  2  184
1913  4  200
1913  1  27
1914  2  173
1914  1  46
1915  2  185
1915  1  74
1916  3  190
1916  3  191
1916  2  171
1916  4  201
1916  1  92
1917  3  197
1917  2  185
1917  1  149
1918  2  180
1918  1  76
1919  3  189
1919  2  186
1919  1  37
1920  3  189
1920  3  190
1920  3  191
1920  2  174
1920  1  40
