1464
3640 1055
3882 1360
2791 371
2306 54
3639 1457
2788 275
2304 324
2787 86
2545 1252
2302 531
2786 1337
2785 92
2543 256
2542 257
2541 525
3872 248
3630 1207
3873 197
3631 1058
3874 557
3632 580
3633 68
3634 353
3876 457
3635 849
3878 1082
3636 1155
3637 111
3650 1127
3893 393
2562 392
2561 28
2560 640
3406 1150
2317 1213
3405 1087
2557 592
2315 1345
2556 343
2314 595
2313 313
3402 1307
2312 333
3401 1344
6 486
2310 658
2552 1336
801 341
3642 1270
802 436
3644 1415
804 1412
3409 944
805 1226
2319 465
806 889
3647 936
3408 956
2318 869
3407 1076
3648 1078
3661 969
3662 959
2331 331
3420 352
2573 1154
2571 1220
3417 155
2327 997
3416 1096
2569 1186
3415 624
2326 998
3414 307
2567 453
2325 812
2324 118
3413 361
2566 519
2323 203
2565 254
3412 480
3411 51
2564 535
2322 811
2563 645
2321 977
810 1018
3652 1039
812 32
3653 995
813 205
3654 332
3896 1253
3897 774
3655 1116
814 1437
3898 807
3656 1421
816 223
3657 1063
3899 1225
3672 207
3673 777
2584 1269
1010 463
3430 586
2341 641
2583 644
2340 963
2582 1074
2581 441
2580 989
1008 1414
3427 291
1007 599
2338 821
2337 242
3426 246
1006 346
2579 1193
3425 294
2336 314
1005 618
1004 1092
2577 1153
2334 67
2576 1288
3422 278
2333 819
2575 1202
2574 198
2332 853
822 707
3664 358
823 971
3665 426
824 497
825 746
826 1110
827 962
3668 1248
828 946
3669 1277
3429 201
3683 76
2353 117
3442 239
2111 1251
3441 801
2594 1374
3440 1237
2108 749
2107 81
3438 982
1018 1061
2348 259
1017 1025
2105 656
1016 1131
3434 1321
2587 1351
831 890
3432 1289
833 64
834 89
835 202
3677 106
836 514
837 112
839 1436
2109 934
3691 282
3693 172
3695 620
3453 130
2122 904
2121 1194
3452 1310
3210 1316
2120 317
3451 750
2119 608
3207 214
2118 471
3449 1200
3448 165
3206 652
2117 852
3204 108
2115 210
2357 428
2599 439
840 964
3203 1070
841 1434
2113 230
2355 664
3202 884
3444 1219
2354 488
601 685
2112 810
3443 854
3201 883
843 1361
602 173
3685 539
844 555
3688 544
605 1130
606 330
608 363
609 302
3209 762
2133 359
3464 1168
3463 871
3221 1217
3462 195
3220 636
2131 797
3461 295
3460 316
3217 366
3459 1404
850 35
3216 558
2126 60
3457 127
3215 442
3214 280
2125 828
852 1031
3456 1181
2124 38
3213 1099
3455 1176
2123 69
3212 140
3454 169
854 743
612 1161
613 499
855 1091
614 105
3697 1439
3698 1419
616 228
3699 444
858 655
859 125
617 1400
3475 454
2144 947
3474 381
3232 988
3231 1266
3473 1303
3230 267
3472 286
2141 542
2383 1397
2381 398
2139 211
860 1085
3227 712
3469 1047
2138 1389
861 1413
2137 49
620 138
3226 919
3467 368
2378 976
3466 857
622 974
3465 334
623 417
2134 888
866 1000
624 1072
868 1275
869 1205
2155 305
3002 1156
3243 1294
3000 53
3482 1406
3481 464
2391 1088
3480 1177
871 132
872 39
3238 414
873 146
631 255
3237 763
3479 1368
874 109
2147 219
632 348
2389 1167
633 221
875 478
2388 981
3477 1107
3235 1293
634 47
3234 293
2387 590
876 684
877 365
635 835
878 403
879 825
639 153
3013 126
2166 315
3497 593
3495 814
3253 1322
3494 1311
3493 865
3492 1124
3250 1263
2160 1029
3491 1410
3490 1223
880 43
3008 45
882 131
640 407
3006 288
3248 394
400 993
884 1158
2158 813
401 1358
3246 1121
3004 1139
403 164
2156 1050
404 269
888 748
889 175
405 545
406 657
407 362
409 909
3266 1346
2176 134
3264 1163
3263 1084
3020 670
3261 1262
2171 1187
890 473
2170 504
891 1071
650 579
892 893
411 541
653 614
3017 628
895 1297
3259 1435
412 77
3016 564
896 1231
655 272
897 273
413 472
3015 523
2168 630
3257 1420
656 10
3014 529
898 833
657 36
415 701
658 682
416 1395
659 241
2180 338
3277 632
3035 732
3276 1323
3034 1432
2184 991
3272 285
660 721
420 501
663 776
664 1317
3028 1342
3269 622
3026 1370
425 222
3267 370
2178 714
668 937
426 958
669 419
428 1386
2191 1224
2190 95
3046 1234
2198 431
3287 1315
2197 430
3286 462
2196 474
3043 576
3284 216
2195 1007
3283 279
3040 742
670 619
2192 834
672 547
430 1040
673 1260
432 538
433 735
675 1169
676 706
434 1033
3038 1291
3279 1292
436 177
678 409
3278 1125
437 873
438 578
439 1129
3290 244
3298 306
3053 467
3294 129
3052 1375
3293 50
3292 170
681 928
3050 1301
682 985
440 1098
683 1385
442 29
684 97
201 418
685 1123
686 179
444 423
202 427
3049 1179
3048 507
446 860
688 1112
447 312
689 498
205 1090
3289 1196
448 349
206 1281
207 702
449 739
208 1384
209 136
3060 250
3068 186
3067 1369
3066 631
3065 149
3064 686
3063 844
690 1390
3062 466
692 16
450 425
3061 1184
693 347
451 1455
210 373
694 585
453 399
211 1440
696 881
454 896
455 554
697 790
456 1242
3059 71
457 894
458 740
459 1302
3071 897
3079 319
3076 1367
3075 448
3074 961
3073 193
460 367
3072 1244
461 1453
462 605
463 1097
464 1365
466 287
224 518
467 600
468 1101
3069 326
469 391
227 1459
3082 943
3081 342
3080 124
3089 1042
3087 809
3086 725
470 8
3085 184
471 479
472 388
230 754
3083 805
473 434
474 336
232 1185
476 596
477 318
235 1363
478 955
237 1011
479 1106
3092 1463
3090 1093
3099 415
3098 264
3097 659
480 953
3096 455
3095 787
482 839
483 920
484 994
485 1454
486 7
487 94
488 968
490 496
491 868
492 1049
493 1190
252 1103
494 1165
496 87
255 847
498 42
256 487
261 386
263 870
264 389
265 515
266 528
267 678
270 400
271 468
272 915
275 1197
281 162
283 456
285 11
286 395
287 784
289 410
290 1137
291 923
293 753
295 621
298 1290
2809 1009
2807 1135
2806 301
2805 1409
2803 1041
2802 831
3904 328
2810 872
3913 1268
3916 1448
2834 154
3924 816
2833 513
3925 949
2832 1352
2831 1012
2839 1162
2838 168
3922 815
3923 635
2845 882
2843 1086
2842 699
2600 945
2841 262
2608 911
2607 1396
2606 509
2847 503
2605 1023
3934 80
2846 690
3704 978
2855 992
3706 1441
2611 1329
3707 1382
2852 681
3708 1283
2610 1429
2850 1460
2619 31
3700 1120
2618 1126
3942 1398
3702 1243
2858 1416
2615 74
2857 637
2867 643
3957 1458
3716 1222
2865 482
2623 791
2622 492
2863 96
2860 1060
2629 606
3712 1044
2628 1138
3954 1235
2869 1038
3714 966
2868 1108
3956 1402
3970 1424
3726 209
3968 1280
2873 1442
2871 404
3720 751
3963 917
3964 1282
2892 1325
2891 1287
2647 1300
2888 296
2404 1347
2403 1372
2886 102
2644 493
2402 1028
2643 550
2400 764
2642 983
2884 1026
2883 70
2641 1020
3971 1392
3731 1240
3733 1148
2649 1170
3735 1279
2648 1100
2406 1319
2658 481
2415 1324
2414 1417
2655 672
2896 107
2412 1339
2653 760
2410 921
3982 1295
900 795
901 527
3984 1447
903 1053
904 696
2419 1054
905 19
2418 185
2417 12
2659 855
3989 895
907 1338
908 325
909 939
3760 669
3516 1215
3514 718
2424 1353
2423 1371
3511 73
2664 840
3751 199
910 1354
911 460
913 824
3754 972
914 489
2429 227
3518 508
3517 671
3758 759
2428 841
917 1357
918 1452
3530 194
2441 822
2683 1430
2440 65
2682 520
2681 1102
2680 957
3526 1157
2678 93
3524 245
2676 1422
3521 166
920 1122
3763 798
923 967
3766 1104
925 1136
3767 1145
926 1340
927 571
3529 1383
928 502
3528 633
929 1394
3780 311
3781 611
3782 1241
3783 778
2452 1142
2210 1330
2451 382
2207 842
3538 861
2448 1003
2447 1214
3535 731
2446 1249
2445 838
2444 516
3533 597
2202 1444
2685 773
930 929
2201 1299
2200 880
3774 892
934 551
3776 1056
3777 817
3779 660
939 1180
3791 808
3792 1113
3793 345
3794 1035
2462 601
3550 1380
3549 1043
3307 1045
3306 562
3547 500
3305 1318
2215 675
3546 1066
2456 66
3545 289
2214 339
3302 470
940 804
3544 1159
2455 1276
2454 55
3301 322
2453 56
3300 121
700 604
2211 1183
3785 298
702 697
703 78
3786 722
945 1133
704 693
705 5
3788 383
947 891
3789 573
706 1032
3309 320
949 1341
708 984
3321 247
2473 761
3562 793
3320 1403
2472 548
2230 979
2228 120
3559 1408
2469 1387
3557 662
3556 299
951 713
2224 877
2466 1016
3313 1327
3554 249
3312 546
710 1140
3553 212
711 999
3311 1094
2464 1411
3795 720
713 788
955 1206
714 941
718 1204
3319 1349
3574 99
2001 356
3332 846
2242 727
2484 1013
2241 996
2482 397
3570 711
3328 1109
3326 355
2237 412
961 58
2236 379
2478 1178
3325 1331
962 59
3324 150
3565 268
2476 572
963 848
722 680
964 794
2233 1332
723 796
965 837
966 57
724 1030
725 1232
726 1405
727 566
729 567
3343 323
2496 629
3101 1175
3100 380
2495 715
3584 786
2252 217
3341 350
3582 340
2493 627
3581 609
2492 1265
3339 1216
2007 552
970 886
3338 1350
2248 477
972 744
2489 1199
2005 1376
3335 151
2246 416
2488 1451
3576 156
732 898
3334 901
2487 1174
2245 1261
3575 830
2244 1151
2486 1164
733 1273
976 1172
977 1381
737 1373
738 494
739 673
3112 918
2264 582
3111 1356
2263 568
3594 1328
3351 698
2262 741
2261 767
3350 1285
3591 469
980 602
3108 1278
3349 876
981 1132
982 196
740 512
3589 46
3347 283
983 779
500 1
3104 215
3588 818
3346 1160
2256 135
3103 375
501 560
3586 623
502 850
744 1077
986 1210
987 438
503 951
504 4
746 1201
989 110
505 931
506 1218
749 729
508 133
509 646
2034 1001
3123 1141
3364 1034
3121 800
2274 1378
3363 1449
2273 1048
3362 1114
2031 1379
3361 62
3360 973
3119 1308
750 233
3118 1343
751 1255
3359 1326
2027 72
3116 1166
510 1259
752 1377
511 142
2268 309
3357 864
2026 1446
754 387
996 908
512 952
2025 1068
2024 357
513 583
756 733
516 851
758 1095
517 925
759 1314
518 1036
519 182
2045 495
3134 1208
3132 556
3374 1062
3131 1152
2041 1313
2281 1335
3128 274
762 665
521 435
2038 1312
3369 1355
3126 190
522 411
765 584
523 747
3125 1258
3367 1334
2277 30
3124 642
524 730
766 1364
525 1264
526 104
528 85
529 369
2298 1333
2297 113
3144 1227
3386 1250
3385 737
2296 1067
2054 1146
3384 421
2295 859
2294 206
2051 344
3382 521
2293 569
3140 1438
3381 1052
2291 1229
3380 1443
770 157
771 167
530 24
772 406
531 736
532 276
2049 1238
775 1083
3137 1228
2047 679
3136 1010
777 2
2288 526
2046 910
3377 1002
535 1118
537 204
538 449
539 384
3156 626
3397 123
3155 443
3154 23
2065 1119
3396 1286
3395 598
2064 1320
2063 396
2062 281
3393 765
3151 1423
3150 561
3392 617
2061 1017
780 914
540 1359
782 1426
300 1005
542 1192
3149 1014
545 1019
2299 48
546 932
305 522
549 710
2078 1256
3166 856
3164 802
2073 553
790 638
791 252
550 158
792 200
551 510
793 676
794 1284
311 385
554 903
797 116
555 926
314 145
3158 310
798 935
3157 114
799 224
557 231
2068 532
316 885
558 1198
317 27
559 1105
3170 159
3178 745
2089 878
2088 75
2086 589
3175 789
2085 724
2084 785
3171 420
560 1362
561 588
564 144
565 1021
566 781
567 1027
569 1407
329 954
3181 916
2091 308
3180 879
2090 226
3189 700
3185 40
570 728
2094 766
3183 845
571 1079
3182 1149
2093 1462
572 1022
573 688
333 229
575 1450
334 581
576 902
577 374
578 695
579 360
3179 1272
3191 218
3199 823
3197 803
3195 122
580 137
581 970
582 689
341 862
342 263
584 666
343 152
585 422
101 650
102 240
586 703
344 1143
587 758
345 1188
588 22
104 1247
589 236
106 1134
348 1271
107 704
109 401
591 161
592 752
351 575
593 826
110 303
352 755
594 1024
111 251
595 782
354 450
112 616
596 683
355 726
597 942
356 148
599 565
357 1128
358 405
117 90
359 899
15 906
16 615
18 424
19 938
360 1399
362 402
363 14
121 160
364 191
122 827
365 537
366 1147
367 549
368 21
127 476
369 491
22 6
23 91
25 0
370 258
371 587
372 20
130 543
373 213
132 639
375 271
376 1173
135 183
377 990
378 613
379 237
138 653
139 663
38 563
380 171
381 1171
382 220
383 933
141 1461
142 922
385 708
386 691
144 1246
145 128
387 647
146 83
388 591
389 757
148 649
149 101
45 432
46 433
47 335
49 484
2909 1427
390 461
393 570
394 1004
153 33
395 634
396 351
155 719
397 887
398 17
399 1309
159 265
50 654
51 738
2903 79
52 390
2902 530
53 829
56 235
57 232
59 82
161 677
162 648
163 208
164 377
166 594
168 452
60 540
2917 1212
2915 1182
63 756
64 297
65 37
66 98
67 900
68 1236
69 261
170 1115
172 34
174 674
175 1418
2922 100
177 517
178 84
179 1428
2927 44
72 769
75 225
2923 440
76 1189
77 52
78 376
182 905
188 1111
81 13
82 533
83 907
84 1393
85 874
86 577
87 41
89 1089
194 1203
196 1051
197 188
2944 337
199 1211
2943 1267
2700 1298
2941 243
90 950
91 1274
2949 115
94 139
95 661
2947 1008
97 875
98 181
2945 192
99 694
2955 483
2954 607
2953 119
3805 290
2711 1209
2952 378
2710 1391
2951 180
3808 1305
3809 1059
2719 692
2718 1306
2717 176
2958 709
2716 799
3800 1304
2957 806
2956 327
3802 1065
2714 1073
2966 354
3814 1257
2723 490
2964 321
2722 524
2963 270
3817 437
2721 1006
2962 408
2720 603
2729 505
2728 866
2727 506
2968 413
2726 927
2967 536
2725 768
2980 26
2735 451
2734 445
2976 780
3827 913
2733 1081
2974 25
3828 559
2732 612
2973 772
3829 1057
2731 1239
2730 234
2971 1230
2970 1233
3820 459
2739 429
2738 792
2737 260
3823 965
2736 705
2991 266
2990 723
2988 189
2504 1245
3836 1254
2987 9
2745 960
2744 717
2986 1069
2743 253
3839 447
2501 940
2985 1075
2500 610
2984 770
2742 1195
2741 1080
2740 178
2748 863
2505 716
2989 948
2760 1348
2999 625
2998 284
2514 485
3848 1144
2512 141
2753 1401
2752 147
2994 475
2510 980
2751 329
2993 843
2992 18
2519 858
3607 687
3844 775
2518 1445
2517 771
2759 1117
2758 820
3846 924
2771 867
2770 372
2768 3
3615 15
3858 143
2767 174
3859 458
2766 88
2524 163
2523 783
2765 1015
2764 187
3611 1037
2521 1431
2761 300
3851 651
3852 574
3854 1221
3618 292
3857 277
2769 304
2527 734
3870 1046
3871 446
2782 832
2540 912
2781 103
2537 534
2779 1425
2778 63
2535 987
2776 364
3623 667
2534 1191
2775 668
3622 1366
2533 1388
2774 61
2532 975
3621 1456
3620 511
2531 836
2530 986
3861 1064
3862 238
3864 1296
3866 1433
3627 930
