2791
2304
2788
2787
2302
2785
3632
3633
3634
3637
2314
2313
2312
2310
3644
2319
3647
3648
2318
3661
3662
2331
2325
2324
2323
3654
3657
3672
1010
2341
1007
2337
1006
2336
1005
2334
2332
3664
3665
3683
2353
1018
2348
1016
3677
3691
3693
3695
3207
3204
2357
2354
601
602
605
606
608
609
3209
3220
3217
3216
3214
613
614
616
617
3230
2381
3227
620
3226
2378
622
623
2391
3238
631
632
633
2388
634
3234
2387
635
639
640
641
3248
3264
3263
650
653
655
656
657
658
659
3277
660
663
3269
3267
668
669
3286
3284
3283
670
672
675
676
678
3290
3298
3294
3293
3292
684
201
686
202
688
689
207
209
690
692
693
210
694
696
224
230
232
256
261
264
265
266
267
270
271
281
283
285
286
287
289
290
291
293
295
2806
2805
2810
2834
2833
2839
2838
2842
2841
2847
2855
2852
2867
2865
2863
2860
3726
2871
3720
2888
2886
2400
2883
3735
2896
2418
2417
3751
3754
2429
2440
3763
3780
3781
3783
2451
2445
2444
3779
3793
2462
3307
3306
2456
3302
3301
700
3300
3785
702
703
704
3788
705
706
3789
3309
708
3321
2473
2472
3312
713
714
718
2001
2484
2482
2481
3328
3326
3324
2476
729
3343
2496
3341
3339
3335
2487
2486
3351
3349
740
3347
2499
749
2034
3361
3360
750
2027
754
2025
2024
756
758
2045
2041
762
3385
3384
2051
3382
770
771
772
2049
2047
777
3397
3395
2063
2062
780
305
2078
2073
790
791
792
793
311
797
314
798
799
2068
317
2088
2086
2085
2084
2091
2090
333
334
341
342
343
345
351
352
354
355
356
357
358
15
16
18
19
362
363
364
365
368
369
22
23
25
370
371
372
373
375
377
38
382
383
386
387
388
389
45
46
47
49
390
395
396
397
398
50
51
52
2903
53
2902
56
57
59
60
63
64
65
66
67
68
69
2922
2927
75
76
77
78
81
82
83
84
85
86
87
89
2944
2941
90
91
2949
94
95
97
2945
98
99
2955
2954
2953
3805
2952
2951
2956
3802
2966
2964
2963
3817
2962
2968
2967
2980
3827
2974
3828
3829
2991
2990
2988
2987
3839
2984
2500
2989
2505
2999
2998
2514
2994
2510
2992
2519
3858
3859
2524
2523
3851
3857
3871
2540
2537
2535
2534
2533
2532
3862
2545
2543
2542
2541
3872
3873
3876
2562
2561
2560
3406
3405
2557
2556
801
802
804
806
3420
3417
2569
3415
3414
2567
3413
2566
2565
3412
3411
2563
812
813
814
816
3899
3430
2583
2580
3426
3425
2577
3422
2574
822
823
824
825
826
828
3429
3442
2107
2105
831
833
834
835
836
837
2109
2122
3453
2120
3451
2119
2118
3448
2115
2113
844
2133
3462
2131
3461
3460
850
3457
2125
2124
3454
2123
854
855
858
859
2144
3475
2141
3472
2139
860
2137
3467
2134
3465
866
2155
3002
3000
3481
871
872
873
874
2147
875
3477
876
877
878
879
3013
3497
3493
2160
880
3008
882
3006
403
2156
404
888
889
407
409
2176
892
411
3017
412
3016
413
2168
3015
897
898
3014
415
2180
3035
2184
424
425
2178
2190
2198
2197
2196
3043
3040
2192
430
431
432
433
434
436
437
438
439
3053
3052
440
442
444
3048
446
447
448
449
3060
3068
3066
3065
3064
3062
450
451
453
454
455
3059
458
3071
3079
3075
3074
3073
460
462
463
466
467
469
3069
3082
3081
3080
3086
470
3085
471
472
473
474
476
477
478
3099
3098
3097
480
3096
482
483
484
486
487
488
490
491
492
493
494
496
498
3925
3923
2600
2608
2605
3934
2619
2615
2629
2642
2649
2658
901
903
904
905
908
909
2664
913
914
3518
3530
2682
2678
3524
3521
923
927
3528
928
2207
3535
3533
2685
2200
939
3547
3545
2214
3562
2230
2228
3557
3556
951
3554
3553
3574
2242
2241
3570
2237
2236
961
962
3565
963
964
965
3101
3100
2252
3582
3581
970
2248
2246
3576
3575
2244
3112
2264
2262
2261
3591
980
982
3589
983
3104
500
3103
2256
501
3586
986
502
987
504
505
989
508
509
510
511
2268
996
513
516
518
519
3134
3132
3128
521
522
3126
523
2277
524
525
526
528
529
2297
2295
2294
2293
530
531
532
3136
535
537
538
539
3156
3155
3154
3150
540
542
545
2299
546
3164
550
551
554
555
3158
3157
557
558
3170
3178
3175
3171
564
565
566
3181
3189
3185
571
572
573
575
577
578
579
3191
3197
580
3195
581
582
584
101
585
102
586
587
588
104
589
106
107
109
591
592
593
110
111
595
596
112
597
117
121
122
126
127
130
132
133
135
142
144
145
146
148
149
153
155
159
161
162
163
164
166
168
172
174
177
178
196
197
199
2719
2717
2716
2723
2722
2720
2729
2728
2727
2726
2725
2735
2734
2730
2739
2738
2737
2736
2743
2742
2740
2752
2751
3607
2759
2771
2770
2768
3615
2767
2766
2764
2761
3618
2769
2781
2778
2776
2774
3627
